# Source: PTFS1100b
# Coordinates: 12.58584 33.32161
# Epoch Units: MJD
#
# Column definitions
# ------------------
# lcType: = detected on reference image, t = transient
# filterID: 1 = g', 2 = R
# fieldID: PTF Field ID
# chipID: PTF Chip ID
# sourceID: Source ID
# epoch: Time of observation
# mag: calibrated magnitude
# magErr: calibrated magnitude error
# sextractorFlags: sextractor flagfrom detection
# ipacFlags: see documentation
# relPhotFlags: relative photometry flags
# limitMag: Magnitude at which 95% of source in reference image are detected
#           in thiexposure
#
# lcType filterID fieldID chipID sourceID epoch mag magerr sextractorFlagipacFlagrelPhotFlaglimitMag
02 004104 00 08366 55059.42450000 21.549 0.243 0 0 0 20.99
02 004104 00 08366 55088.49032000 20.978 0.175 0 0 0 20.69
02 004104 00 08366 55089.37575000 21.391 0.233 0 0 0 20.80
02 004104 00 08366 55089.42027000 21.739 0.212 0 0 0 20.79
02 004104 00 08366 55454.31385000 20.989 0.133 0 2 0 20.75
02 004104 00 08366 55454.35741000 20.755 0.137 0 2 0 20.72
02 004104 00 08366 55466.31627000 20.282 0.210 0 0 0 19.66
02 004104 00 08366 55473.24753000 20.592 0.149 0 2 0 20.89
02 004104 00 08366 55473.29247000 20.924 0.121 0 2 0 21.16
02 004104 00 08366 55477.27252000 19.315 0.044 0 2 0 20.46
02 004104 00 08366 55477.32361000 19.308 0.047 0 2 0 20.51
02 004104 00 08366 55499.21359000 21.132 0.194 0 32 0 20.43
02 004104 00 08366 55499.26037000 20.989 0.188 16 0 0 20.41
02 004104 00 08366 56239.34918000 20.805 0.152 0 34 0 20.62
02 004104 00 08366 56252.26919000 17.335 0.013 0 34 0 20.31
02 004104 00 08366 56252.27163000 17.335 0.013 0 2 0 20.22
02 004104 00 08366 56252.27910000 17.358 0.013 0 2 0 20.32
02 004104 00 08366 56252.31337000 17.328 0.013 0 2 0 20.21
02 004104 00 08366 56254.20597000 17.499 0.018 0 34 0 19.93
02 004104 00 08366 56254.23632000 17.401 0.017 0 34 0 19.90
02 004104 00 08366 56258.33682000 18.414 0.054 0 34 0 19.37
02 004104 00 08366 56258.34037000 18.335 0.061 0 2 0 19.35
02 004104 00 08366 56258.36957000 18.442 0.062 0 2 0 19.35
02 004104 00 08366 56258.39885000 18.578 0.077 0 2 0 19.00
02 004104 00 08366 56267.24253000 20.379 0.201 0 32 0 19.91
02 004104 00 08366 56267.27711000 20.559 0.171 0 0 0 19.65
02 004104 00 08366 56270.31764000 20.026 0.079 0 2 0 20.39
02 004104 00 08366 56272.30176000 20.608 0.135 0 2 0 20.20
02 004104 00 08366 56504.34010000 20.786 0.159 0 0 0 20.29
02 004104 00 08366 56504.37648000 21.195 0.161 0 0 0 20.36
02 004104 00 08366 56504.41451000 21.001 0.151 0 2 0 20.36
02 004104 00 08366 56505.33426000 20.866 0.178 16 0 0 20.39
02 004104 00 08366 56505.40072000 20.129 0.077 0 2 0 20.39
02 004104 00 08366 56505.43786000 20.668 0.150 0 2 0 20.42
02 004104 00 08366 56506.34010000 19.878 0.086 0 2 0 20.44
02 004104 00 08366 56506.44323000 20.636 0.138 0 2 0 20.68
02 004104 00 08366 56506.47965000 20.379 0.094 0 2 4 20.80
02 004104 00 08366 56507.38124000 20.744 0.113 0 2 0 20.69
02 004104 00 08366 56507.44098000 20.699 0.104 0 2 0 20.98
02 004104 00 08366 56507.47701000 20.467 0.118 0 2 0 21.13
02 004104 00 08366 56508.37932000 20.817 0.115 0 2 0 21.13
02 004104 00 08366 56508.44661000 20.769 0.114 0 2 0 21.14
02 004104 00 08366 56508.48444000 20.270 0.076 0 2 0 21.14
02 004104 00 08366 56509.38934000 20.567 0.098 0 2 0 21.04
02 004104 00 08366 56509.44345000 20.467 0.084 0 2 0 21.14
02 004104 00 08366 56509.48105000 20.690 0.096 0 2 0 21.15
02 004104 00 08366 56510.38271000 21.308 0.224 0 0 0 21.03
02 004104 00 08366 56510.43874000 20.879 0.115 0 2 0 21.13
02 004104 00 08366 56510.47529000 20.432 0.092 0 2 0 21.13
02 004104 00 08366 56511.37678000 20.562 0.122 0 2 0 21.13
02 004104 00 08366 56511.44184000 20.923 0.107 0 2 0 21.14
02 004104 00 08366 56512.38161000 20.794 0.141 0 2 0 20.74
02 004104 00 08366 56512.44256000 20.716 0.136 0 2 0 21.14
02 004104 00 08366 56512.47969000 20.711 0.096 0 2 0 21.15
02 004104 00 08366 56513.38194000 20.438 0.084 0 2 0 20.96
02 004104 00 08366 56513.43590000 20.830 0.119 0 2 0 21.15
02 004104 00 08366 56513.47391000 20.891 0.130 0 2 0 21.16
02 004104 00 08366 56514.37532000 21.060 0.154 0 2 0 20.81
02 004104 00 08366 56514.43731000 20.420 0.124 0 2 0 20.87
02 004104 00 08366 56514.47383000 21.520 0.161 0 0 0 20.94
02 004104 00 08366 56515.37554000 21.636 0.157 0 0 0 20.86
02 004104 00 08366 56515.43179000 20.633 0.093 0 2 0 21.13
02 004104 00 08366 56515.46811000 20.809 0.116 0 2 0 21.15
02 004104 00 08366 56516.36958000 20.851 0.128 0 2 0 21.15
02 004104 00 08366 56516.42421000 21.020 0.112 0 2 0 21.15
02 004104 00 08366 56516.46209000 20.878 0.113 0 2 0 21.15
02 004104 00 08366 56517.36328000 20.341 0.086 0 2 0 21.14
02 004104 00 08366 56517.42075000 20.795 0.105 0 2 0 21.13
02 004104 00 08366 56517.45779000 20.934 0.109 0 2 0 21.00
02 004104 00 08366 56518.36008000 21.115 0.119 0 2 0 20.99
02 004104 00 08366 56518.41063000 21.356 0.180 0 0 0 20.96
02 004104 00 08366 56518.44772000 20.881 0.114 0 34 0 21.01
02 004104 00 08366 56519.34912000 20.894 0.156 0 2 0 20.80
02 004104 00 08366 56519.44047000 20.807 0.156 0 2 0 21.14
02 004104 00 08366 56519.47638000 20.756 0.104 0 2 0 21.14
02 004104 00 08366 56520.37792000 20.652 0.135 0 2 0 20.80
02 004104 00 08366 56520.43654000 20.869 0.164 0 2 0 21.14
02 004104 00 08366 56520.47352000 20.446 0.102 0 2 0 21.13
02 004104 00 08366 56521.37472000 20.745 0.156 0 2 0 20.42
02 004104 00 08366 56521.43514000 20.348 0.104 0 2 0 20.87
02 004104 00 08366 56521.47116000 20.571 0.111 0 2 0 21.01
02 004104 00 08366 56532.28521000 20.777 0.129 0 2 0 20.35
02 004104 00 08366 56532.32929000 20.835 0.148 0 2 0 20.37
02 004104 00 08366 56533.27644000 20.857 0.163 16 0 0 20.38
02 004104 00 08366 56533.37780000 20.712 0.120 0 2 0 20.44
02 004104 00 08366 56537.33412000 20.290 0.075 0 2 0 20.89
02 004104 00 08366 56537.44479000 20.735 0.104 0 2 0 21.12
02 004104 00 08366 56537.48082000 20.554 0.095 0 2 0 20.81
02 004104 00 08366 56539.20834000 20.198 0.149 0 2 0 20.20
02 004104 00 08366 56539.26065000 20.602 0.119 0 2 0 20.47
02 004104 00 08366 56539.31787000 20.753 0.105 0 2 0 20.80
02 004104 00 08366 56540.46494000 20.095 0.069 0 2 0 20.68
02 004104 00 08366 56540.50101000 20.166 0.083 0 2 0 20.65
02 004104 00 08366 56541.25281000 20.836 0.178 0 32 4 20.44
02 004104 00 08366 56541.29286000 20.981 0.170 0 0 4 20.41
02 004104 00 08366 56542.20035000 20.528 0.133 0 2 0 20.36
02 004104 00 08366 56543.20755000 20.756 0.126 0 2 0 20.36
02 004104 00 08366 56543.24751000 20.784 0.171 0 2 0 20.48
02 004104 00 08366 56543.28411000 21.302 0.165 0 0 0 20.60
02 004104 00 08366 56545.41926000 21.506 0.148 0 0 0 20.63
02 004104 00 08366 56546.40334000 21.321 0.159 16 2 0 20.87
02 004104 00 08366 56547.44060000 20.395 0.107 0 2 0 20.68
02 004104 00 08366 56547.47713000 21.158 0.193 0 0 0 20.49
02 004104 00 08366 56548.37837000 20.924 0.147 0 0 0 20.87
02 004104 00 08366 56548.43821000 20.662 0.110 0 2 0 20.64
02 004104 00 08366 56548.47530000 20.239 0.095 0 2 0 20.57
02 004104 00 08366 56549.37689000 20.570 0.122 0 2 0 20.81
02 004104 00 08366 56549.47278000 20.795 0.205 0 0 0 20.60
02 004104 00 08366 56550.43403000 20.951 0.153 0 2 0 20.90
02 004104 00 08366 56550.46752000 20.489 0.128 0 2 0 20.81
02 004104 00 08366 56551.41763000 20.900 0.184 0 0 0 20.25
02 004104 00 08366 56562.49303000 20.861 0.188 0 0 0 20.23
02 004104 00 08366 56564.36771000 20.787 0.136 0 2 0 20.65
02 004104 00 08366 56564.40390000 21.409 0.175 0 0 0 20.48
02 004104 00 08366 56565.41154000 21.659 0.187 0 0 0 20.42
02 004104 00 08366 56566.34700000 21.147 0.174 16 2 0 20.71
02 004104 00 08366 56566.39352000 21.243 0.215 0 0 0 20.58
02 004104 00 08366 56566.43530000 21.382 0.164 0 0 0 20.53
02 004104 00 08366 56567.33890000 21.192 0.141 0 2 0 21.07
02 004104 00 08366 56567.41521000 21.144 0.175 0 2 0 20.81
02 004104 00 08366 56567.44814000 21.556 0.172 0 0 0 20.56
02 004104 00 08366 56568.35066000 21.339 0.158 0 0 0 20.78
02 004104 00 08366 56568.42869000 20.896 0.171 16 0 0 20.83
02 004104 00 08366 56570.36630000 20.726 0.188 0 0 0 19.95
02 004104 00 08366 56571.35574000 20.950 0.191 0 0 0 20.13
02 004104 00 08366 56571.39503000 20.560 0.152 0 0 0 20.03
02 004104 00 08366 56572.34223000 20.722 0.118 0 2 0 20.60
02 004104 00 08366 56573.36338000 20.872 0.144 0 2 0 20.59
02 004104 00 08366 56573.39625000 20.978 0.141 0 2 0 20.47
02 004104 00 08366 56573.43039000 20.567 0.137 0 2 0 20.38
02 004104 00 08366 56576.34671000 20.883 0.139 0 2 0 20.60
02 004104 00 08366 56576.47123000 20.682 0.158 0 0 0 20.35
02 004104 00 08366 56576.50446000 20.708 0.191 0 0 0 20.14
02 004104 00 08366 56588.17064000 20.190 0.176 0 0 0 19.94
02 004104 00 08366 56589.19534000 20.793 0.139 0 2 0 20.83
02 004104 00 08366 56589.24852000 20.573 0.121 0 2 0 20.41
02 004104 00 08366 56589.27470000 20.469 0.134 0 2 0 20.38
02 004104 00 08366 56590.17704000 20.802 0.113 0 2 0 20.61
02 004104 00 08366 56590.32279000 20.711 0.181 16 0 0 20.40
02 004104 00 08366 56590.34742000 21.275 0.227 0 0 0 20.35
02 004104 00 08366 56592.26345000 20.842 0.157 0 2 0 20.69
02 004104 00 08366 56596.10534000 20.778 0.167 0 32 0 20.35
02 004104 00 08366 56597.29752000 20.917 0.182 0 0 0 20.35
02 004104 00 08366 56598.29510000 21.129 0.190 0 0 0 20.37
02 004104 00 08366 56599.19648000 20.783 0.150 0 0 0 20.36
02 004104 00 08366 56599.26061000 20.814 0.149 0 0 0 20.51
02 004104 00 08366 56600.20060000 20.760 0.134 0 2 0 20.67
02 004104 00 08366 56600.32137000 21.281 0.161 0 0 0 20.44
02 004104 00 08366 56602.20740000 20.541 0.148 0 0 0 20.28
02 004104 00 08366 56602.23292000 20.753 0.172 16 0 0 19.67
02 004104 00 08366 56603.13409000 21.115 0.157 0 0 0 20.36
02 004104 00 08366 56604.24706000 21.032 0.190 0 0 4 20.40
02 004104 00 08366 56605.29134000 21.504 0.165 0 0 0 20.62
02 004104 00 08366 56605.33664000 20.561 0.130 0 2 0 20.56
02 004104 00 08366 56607.12792000 21.132 0.200 0 0 0 20.29
02 004104 00 08366 56608.20363000 20.764 0.171 0 0 0 20.16
