	# Source: PTFS1700bj
# Coordinates: 13.84002 0.67529
# Epoch Units: MJD
#
# Column definitions
# ------------------
# lcType: = detected on reference image, t = transient
# filterID: 1 = g', 2 = R
# fieldID: PTF Field ID
# chipID: PTF Chip ID
# sourceID: Source ID
# epoch: Time of observation
# mag: calibrated magnitude
# magErr: calibrated magnitude error
# sextractorFlags: sextractor flagfrom detection
# ipacFlags: see documentation
# relPhotFlags: relative photometry flags
# limitMag: Magnitude at which 95% of source in reference image are detected
#           in thiexposure
#
# filterID fieldID chipID sourceID epoch mag magerr sextractorFlagipacFlagrelPhotFlaglimitMag
02 002701 06 02951 55048.49337000 14.802 0.006 0 2 1 19.63
02 002701 06 02951 55056.45730000 14.803 0.005 0 2 1 19.93
02 002701 06 02951 55384.40494000 14.805 0.006 0 2 1 20.10
02 002701 06 02951 55384.44769000 14.810 0.005 0 2 1 20.18
02 002701 06 02951 55402.36174000 14.791 0.010 0 2 1 18.76
02 002701 06 02951 55402.40478000 14.772 0.044 0 2 5 17.08
02 002701 06 02951 55411.42978000 14.788 0.009 0 2 1 19.79
02 002701 06 02951 55411.47313000 14.803 0.007 0 2 1 19.87
02 002701 06 02951 55415.44479000 14.790 0.038 0 2 5 19.34
02 002701 06 02951 55415.48792000 14.801 0.023 0 2 5 19.51
02 002701 06 02951 55418.46035000 14.811 0.013 0 2 5 19.81
02 002701 06 02951 55419.46337000 14.825 0.021 0 2 5 19.21
02 002701 06 02951 55419.50736000 14.837 0.034 0 2 5 18.62
02 002701 06 02951 55424.46469000 14.797 0.005 0 2 1 20.75
02 002701 06 02951 55424.50935000 14.802 0.004 0 2 1 19.92
02 002701 06 02951 55427.46547000 14.815 0.004 0 2 1 20.53
02 002701 06 02951 55427.50868000 14.803 0.004 0 2 1 19.97
02 002701 06 02951 55431.46000000 14.801 0.005 0 2 1 19.37
02 002701 06 02951 55431.50286000 14.801 0.006 0 2 1 19.37
02 002701 06 02951 55440.48336000 14.798 0.004 0 2 1 20.17
02 002701 06 02951 55441.24876000 14.800 0.004 0 2 1 19.91
02 002701 06 02951 55447.24319000 14.804 0.004 0 2 1 20.02
02 002701 06 02951 55447.29409000 14.801 0.005 0 2 1 20.41
02 002701 06 02951 55450.26096000 14.807 0.004 0 2 1 20.16
02 002701 06 02951 55450.30388000 14.807 0.004 0 2 1 20.19
02 002701 06 02951 55454.24052000 14.807 0.004 0 2 1 20.03
02 002701 06 02951 55454.28337000 14.810 0.004 0 2 1 20.32
02 002701 06 02951 55458.27825000 14.801 0.006 0 2 1 19.77
02 002701 06 02951 55458.32269000 14.802 0.005 0 2 1 19.82
02 002701 06 02951 55466.17979000 14.801 0.007 0 2 1 18.88
02 002701 06 02951 55466.22295000 14.806 0.005 0 2 1 19.24
02 002701 06 02951 55469.47316000 14.647 0.154 0 2 5 16.63
02 002701 06 02951 55473.23047000 14.805 0.004 0 2 1 20.51
02 002701 06 02951 55473.27385000 14.809 0.004 0 2 1 20.71
02 002701 06 02951 55478.21236000 14.801 0.005 0 2 1 19.95
02 002701 06 02951 55478.25686000 14.802 0.006 0 2 1 19.73
02 002701 06 02951 55481.39637000 14.812 0.004 0 2 1 20.24
02 002701 06 02951 55481.44036000 14.814 0.004 0 2 1 20.07
02 022596 00 05139 56130.37881000 14.814 0.005 0 2 1 20.05
02 022596 00 05139 56130.40874000 14.808 0.004 0 2 1 20.04
02 022596 00 05139 56130.43962000 14.805 0.004 0 2 1 20.33
02 022596 00 05139 56131.40977000 14.812 0.005 0 2 1 20.16
02 022596 00 05139 56131.43149000 14.801 0.005 0 2 1 20.21
02 022596 00 05139 56131.43274000 14.811 0.005 0 2 1 20.24
02 022596 00 05139 56132.37381000 14.808 0.006 0 2 1 19.95
02 022596 00 05139 56132.40546000 14.811 0.005 0 2 1 20.31
02 022596 00 05139 56132.43551000 14.812 0.005 0 2 1 20.36
02 022596 00 05139 56133.43407000 14.809 0.003 0 2 1 20.36
02 022596 00 05139 56133.46493000 14.808 0.004 0 2 1 20.34
02 022596 00 05139 56133.47378000 14.802 0.004 0 2 1 20.34
02 022596 00 05139 56135.36494000 14.810 0.004 0 2 1 20.37
02 022596 00 05139 56135.39565000 14.812 0.004 0 2 1 20.68
02 022596 00 05139 56135.42513000 14.812 0.004 0 2 1 20.71
02 022596 00 05139 56136.35490000 14.804 0.004 0 2 1 20.12
02 022596 00 05139 56136.38399000 14.805 0.004 0 2 1 20.35
02 022596 00 05139 56136.41388000 14.800 0.004 0 2 1 20.47
02 022596 00 05139 56137.50032000 14.810 0.005 0 2 1 20.30
02 022596 00 05139 56138.34656000 14.759 0.027 0 2 5 18.75
02 022596 00 05139 56138.37734000 14.769 0.027 0 2 5 17.14
02 022596 00 05139 56143.35042000 14.805 0.006 0 2 1 18.95
02 022596 00 05139 56143.38036000 14.808 0.006 0 2 1 19.18
02 022596 00 05139 56143.41083000 14.800 0.006 0 2 1 19.30
02 022596 00 05139 56143.44028000 14.804 0.007 0 2 1 19.39
02 022596 00 05139 56143.47029000 14.802 0.007 0 2 1 19.34
02 022596 00 05139 56148.44230000 14.804 0.005 0 2 1 20.11
02 022596 00 05139 56148.46777000 14.806 0.005 0 2 1 20.11
02 022596 00 05139 56148.50199000 14.811 0.005 0 2 1 19.83
02 022596 00 05139 56151.50019000 14.805 0.004 0 2 1 20.35
02 022596 00 05139 56164.28431000 14.805 0.004 0 2 1 20.11
02 022596 00 05139 56164.33174000 14.806 0.004 0 2 1 20.51
02 022596 00 05139 56164.36900000 14.801 0.004 0 2 1 20.77
02 022596 00 05139 56164.42479000 14.802 0.004 0 2 1 20.77
02 022596 00 05139 56164.46216000 14.808 0.004 0 2 1 20.79
02 022596 00 05139 56165.33282000 14.807 0.004 0 2 1 20.37
02 022596 00 05139 56165.37057000 14.802 0.004 0 2 1 20.71
02 022596 00 05139 56165.40720000 14.803 0.005 0 2 1 20.64
02 022596 00 05139 56165.44642000 14.804 0.004 0 2 1 21.04
02 022596 00 05139 56165.48329000 14.810 0.004 0 2 1 21.00
02 022596 00 05139 56165.51355000 14.807 0.005 0 2 1 19.87
02 022596 00 05139 56166.27994000 14.798 0.005 0 2 1 19.83
02 022596 00 05139 56166.33921000 14.804 0.004 0 2 1 20.32
02 022596 00 05139 56166.38161000 14.812 0.004 0 2 1 20.53
02 022596 00 05139 56166.42316000 14.806 0.004 0 2 1 20.83
02 022596 00 05139 56166.46557000 14.808 0.005 0 2 1 20.80
02 022596 00 05139 56166.50757000 14.806 0.004 0 2 1 20.46
02 022596 00 05139 56167.27253000 14.803 0.005 0 2 1 19.60
02 022596 00 05139 56167.34361000 14.815 0.004 0 2 1 20.02
02 022596 00 05139 56167.38723000 14.801 0.007 0 2 1 20.06
02 022596 00 05139 56167.43067000 14.810 0.011 0 2 5 20.27
02 022596 00 05139 56167.47001000 14.805 0.004 0 2 1 20.73
02 022596 00 05139 56168.26288000 14.811 0.007 0 2 1 19.24
02 022596 00 05139 56168.36998000 14.815 0.005 0 2 1 19.77
02 022596 00 05139 56168.41157000 14.804 0.005 0 2 1 19.83
02 022596 00 05139 56168.49914000 14.809 0.004 0 2 1 20.53
02 022596 00 05139 56169.32412000 14.814 0.006 0 2 1 18.97
02 022596 00 05139 56169.36009000 14.803 0.006 0 2 1 19.31
02 022596 00 05139 56169.39896000 14.805 0.006 0 2 1 19.34
02 022596 00 05139 56169.46838000 14.800 0.006 0 2 1 19.37
02 022596 00 05139 56170.25486000 14.798 0.009 0 2 1 18.29
02 022596 00 05139 56170.29619000 14.801 0.007 0 2 1 18.84
02 022596 00 05139 56170.33448000 14.799 0.006 0 2 1 18.92
02 022596 00 05139 56170.36782000 14.794 0.009 0 2 1 19.00
02 022596 00 05139 56170.41553000 14.795 0.007 0 2 1 19.06
02 022596 00 05139 56170.44869000 14.802 0.007 0 2 1 19.06
02 022596 00 05139 56170.47951000 14.818 0.006 0 2 1 19.02
02 022596 00 05139 56170.50898000 14.812 0.006 0 2 1 18.88
02 022596 00 05139 56176.28454000 14.816 0.005 0 2 1 19.58
02 022596 00 05139 56176.32021000 14.807 0.005 0 2 1 19.85
02 022596 00 05139 56176.36775000 14.806 0.004 0 2 1 19.91
02 022596 00 05139 56176.40287000 14.808 0.004 0 2 1 19.91
02 022596 00 05139 56176.43116000 14.812 0.005 0 2 1 19.90
02 022596 00 05139 56176.46660000 14.803 0.005 0 2 1 19.81
02 022596 00 05139 56176.50448000 14.802 0.005 0 2 1 19.83
02 022596 00 05139 56177.23596000 14.811 0.004 0 2 1 20.18
02 022596 00 05139 56177.27093000 14.802 0.004 0 2 1 19.94
02 022596 00 05139 56177.30284000 14.801 0.005 0 2 1 19.97
02 022596 00 05139 56177.33557000 14.810 0.005 0 2 1 20.27
02 022596 00 05139 56178.24132000 14.806 0.004 0 2 1 20.26
02 022596 00 05139 56178.30646000 14.810 0.004 0 2 1 20.28
02 022596 00 05139 56178.38046000 14.806 0.004 0 2 1 20.33
02 022596 00 05139 56178.41281000 14.803 0.005 0 2 1 20.31
02 022596 00 05139 56178.44743000 14.803 0.006 0 2 1 20.25
02 022596 00 05139 56178.47969000 14.808 0.005 0 2 1 20.23
02 022596 00 05139 56178.50936000 14.801 0.005 0 2 1 19.86
02 022596 00 05139 56189.22735000 14.809 0.004 0 2 1 20.23
02 022596 00 05139 56189.27060000 14.806 0.004 0 2 1 20.25
02 022596 00 05139 56189.32809000 14.806 0.004 0 2 1 20.30
02 022596 00 05139 56189.36943000 14.801 0.004 0 2 1 20.29
02 022596 00 05139 56189.40890000 14.804 0.004 0 2 1 20.27
02 022596 00 05139 56189.44615000 14.809 0.004 0 2 1 20.18
02 022596 00 05139 56189.48715000 14.813 0.005 0 2 1 19.92
02 022596 00 05139 56193.25569000 14.746 0.030 0 2 5 17.21
02 022596 00 05139 56193.29766000 14.770 0.021 0 2 5 18.82
02 022596 00 05139 56193.36766000 14.779 0.025 0 2 5 19.25
02 022596 00 05139 56193.45166000 14.754 0.071 0 2 5 16.13
02 022596 00 05139 56193.49516000 14.805 0.021 0 2 5 18.78
02 022596 00 05139 56194.23909000 14.805 0.004 0 2 1 20.03
02 022596 00 05139 56194.28521000 14.810 0.004 0 2 1 20.10
02 022596 00 05139 56194.33108000 14.812 0.004 0 2 1 20.33
02 022596 00 05139 56194.37688000 14.807 0.004 0 2 1 20.47
02 022596 00 05139 56194.41436000 14.810 0.004 0 2 1 20.42
02 022596 00 05139 56194.45395000 14.803 0.004 0 2 1 20.37
02 022596 00 05139 56194.49551000 14.813 0.004 0 2 1 20.19
02 022596 00 05139 56195.19425000 14.807 0.005 0 2 1 19.46
02 022596 00 05139 56195.25186000 14.808 0.004 0 2 1 19.84
02 022596 00 05139 56195.29521000 14.817 0.004 0 2 1 20.05
02 022596 00 05139 56195.33551000 14.807 0.005 0 2 1 20.10
02 022596 00 05139 56195.38388000 14.805 0.003 0 2 1 20.31
02 022596 00 05139 56195.42831000 14.812 0.003 0 2 1 20.37
02 022596 00 05139 56195.46897000 14.811 0.004 0 2 1 20.27
02 022596 00 05139 56195.50529000 14.802 0.004 0 2 1 19.93
02 022596 00 05139 56196.25513000 14.810 0.005 0 2 1 19.57
02 022596 00 05139 56196.31100000 14.812 0.005 0 2 1 19.63
02 022596 00 05139 56196.36015000 14.812 0.006 0 2 1 19.27
02 022596 00 05139 56196.40420000 14.794 0.007 0 2 1 19.52
02 022596 00 05139 56196.44347000 14.803 0.005 0 2 1 20.18
02 022596 00 05139 56196.48495000 14.800 0.006 0 2 1 19.87
02 022596 00 05139 56196.52042000 14.800 0.006 0 2 1 19.56
02 022596 00 05139 56197.19096000 14.800 0.006 0 2 1 19.12
02 022596 00 05139 56197.22897000 14.806 0.006 0 2 1 19.30
02 022596 00 05139 56197.28856000 14.812 0.004 0 2 1 19.59
02 022596 00 05139 56197.33001000 14.807 0.005 0 2 1 19.67
02 022596 00 05139 56197.36574000 14.806 0.005 0 2 1 19.67
02 022596 00 05139 56197.42495000 14.806 0.005 0 2 1 19.69
02 022596 00 05139 56197.46642000 14.806 0.005 0 2 1 19.87
02 022596 00 05139 56197.50184000 14.809 0.004 0 2 1 20.13
02 022596 00 05139 56198.21155000 14.923 0.043 0 2 5 17.51
02 022596 00 05139 56198.28542000 14.809 0.016 0 2 5 17.83
02 022596 00 05139 56198.32000000 14.785 0.010 0 2 1 18.58
02 022596 00 05139 56198.34811000 14.805 0.007 0 2 1 19.51
02 022596 00 05139 56198.38126000 14.801 0.008 0 2 1 19.44
02 022596 00 05139 56198.44907000 14.877 0.191 0 2 5 14.85
02 022596 00 05139 56198.47896000 14.807 0.014 0 2 5 18.82
02 022596 00 05139 56198.50808000 14.808 0.028 0 2 5 16.75
02 022596 00 05139 56203.29941000 14.802 0.005 0 2 1 19.52
02 022596 00 05139 56203.30058000 14.801 0.006 0 2 1 19.55
02 022596 00 05139 56203.30169000 14.807 0.005 0 2 1 19.58
02 022596 00 05139 56504.39439000 14.809 0.006 0 2 1 20.06
02 022596 00 05139 56504.43111000 14.814 0.004 0 2 1 20.33
02 022596 00 05139 56504.46825000 14.816 0.004 0 2 1 20.39
02 022596 00 05139 56505.39267000 14.798 0.006 0 2 1 20.00
02 022596 00 05139 56505.43164000 14.807 0.004 0 2 1 20.08
02 022596 00 05139 56505.46813000 14.807 0.005 0 2 1 20.22
02 022596 00 05139 56506.37918000 14.824 0.028 0 2 5 19.92
02 022596 00 05139 56506.49216000 14.810 0.011 0 2 5 20.58
02 022596 00 05139 56507.37657000 14.812 0.005 0 2 1 20.33
02 022596 00 05139 56507.48419000 14.811 0.004 0 2 1 20.61
02 022596 00 05139 56508.35248000 14.810 0.004 0 2 1 20.32
02 022596 00 05139 56508.49791000 14.809 0.004 0 2 1 20.49
02 022596 00 05139 56509.34840000 14.808 0.004 0 2 1 20.35
02 022596 00 05139 56509.49387000 14.817 0.004 0 2 1 20.57
02 022596 00 05139 56510.33574000 14.808 0.004 0 2 1 20.33
02 022596 00 05139 56511.32838000 14.813 0.005 0 2 1 20.31
02 022596 00 05139 56511.49104000 14.805 0.004 0 2 1 20.42
02 022596 00 05139 56512.39228000 14.810 0.003 0 2 1 20.42
02 022596 00 05139 56512.48446000 14.808 0.004 0 2 1 20.55
02 022596 00 05139 56513.38667000 14.801 0.004 0 2 1 20.51
02 022596 00 05139 56513.48262000 14.812 0.004 0 2 1 20.67
02 022596 00 05139 56514.38501000 14.806 0.004 0 2 1 20.49
02 022596 00 05139 56514.48414000 14.805 0.004 0 2 1 20.70
02 022596 00 05139 56515.38624000 14.813 0.004 0 2 1 20.59
02 022596 00 05139 56515.47339000 14.811 0.004 0 2 1 20.75
02 022596 00 05139 56516.37586000 14.809 0.005 0 2 1 20.61
02 022596 00 05139 56516.46845000 14.825 0.006 0 2 1 20.84
02 022596 00 05139 56517.37017000 14.813 0.004 0 2 1 20.53
02 022596 00 05139 56517.46306000 14.809 0.004 0 2 1 20.55
02 022596 00 05139 56518.36478000 14.809 0.004 0 2 1 20.42
02 022596 00 05139 56518.45255000 14.808 0.005 0 2 1 20.41
02 022596 00 05139 56519.35380000 14.804 0.004 0 2 1 20.42
02 022596 00 05139 56519.45034000 14.809 0.004 0 2 1 20.64
02 022596 00 05139 56520.35216000 14.814 0.004 0 2 1 20.32
02 022596 00 05139 56520.44363000 14.811 0.004 0 2 1 20.55
02 022596 00 05139 56521.34444000 14.804 0.005 0 2 1 19.94
02 022596 00 05139 56521.44465000 14.807 0.004 0 2 1 20.66
02 022596 00 05139 56532.28652000 14.813 0.006 0 2 1 19.89
02 022596 00 05139 56532.33060000 14.794 0.074 0 2 5 18.19
02 022596 00 05139 56532.36747000 14.818 0.006 0 2 1 20.31
02 022596 00 05139 56533.28325000 14.583 0.138 0 2 5 19.45
02 022596 00 05139 56533.40983000 14.805 0.004 0 2 1 20.36
02 022596 00 05139 56533.44579000 14.811 0.006 0 2 1 20.31
02 022596 00 05139 56537.29284000 14.807 0.004 0 2 1 20.36
02 022596 00 05139 56537.46025000 14.806 0.003 0 2 1 20.67
02 022596 00 05139 56537.49640000 14.803 0.004 0 2 1 20.57
02 022596 00 05139 56539.26757000 14.805 0.005 0 2 1 20.31
02 022596 00 05139 56539.33779000 14.807 0.004 0 2 1 20.50
02 022596 00 05139 56539.37494000 14.808 0.004 0 2 1 20.64
02 022596 00 05139 56541.26697000 14.878 0.068 0 2 5 19.16
02 022596 00 05139 56541.30368000 14.820 0.023 0 2 5 20.04
02 022596 00 05139 56541.34067000 14.778 0.051 0 2 5 19.93
02 022596 00 05139 56542.32986000 14.809 0.006 0 2 1 20.37
02 022596 00 05139 56542.44861000 14.801 0.006 0 2 1 20.37
02 022596 00 05139 56543.35051000 14.806 0.004 0 2 1 20.42
02 022596 00 05139 56543.38704000 14.798 0.005 0 2 1 20.45
02 022596 00 05139 56543.45417000 14.811 0.004 0 2 1 20.45
02 022596 00 05139 56545.26808000 14.795 0.007 0 2 1 20.25
02 022596 00 05139 56546.25045000 14.753 0.023 0 2 5 20.18
02 022596 00 05139 56546.41935000 14.813 0.004 0 2 1 20.62
02 022596 00 05139 56546.45576000 14.816 0.004 0 2 1 20.45
02 022596 00 05139 56547.35767000 14.807 0.004 0 2 1 20.44
02 022596 00 05139 56547.47958000 14.804 0.004 0 2 1 20.34
02 022596 00 05139 56547.51632000 14.809 0.005 0 2 1 20.17
02 022596 00 05139 56548.41794000 14.813 0.004 0 2 1 20.36
02 022596 00 05139 56548.46163000 14.809 0.004 0 2 1 20.35
02 022596 00 05139 56548.49855000 14.809 0.004 0 2 1 20.32
02 022596 00 05139 56549.40005000 14.808 0.003 0 2 1 20.40
02 022596 00 05139 56549.44751000 14.805 0.004 0 2 1 20.31
02 022596 00 05139 56549.48425000 14.814 0.005 0 2 1 20.43
02 022596 00 05139 56550.38638000 14.805 0.004 0 2 1 20.32
02 022596 00 05139 56550.44988000 14.806 0.003 0 2 1 20.50
02 022596 00 05139 56550.48347000 14.805 0.004 0 2 1 20.36
02 022596 00 05139 56551.38487000 14.799 0.004 0 2 1 19.92
02 022596 00 05139 56551.44553000 14.806 0.004 0 2 1 20.34
02 022596 00 05139 56551.47839000 14.806 0.004 0 2 1 20.39
02 022596 00 05139 56552.38008000 14.799 0.005 0 2 1 19.69
02 022596 00 05139 56552.43387000 14.802 0.005 0 2 1 19.78
02 022596 00 05139 56552.46733000 14.805 0.004 0 2 1 19.81
02 022596 00 05139 56561.20736000 14.792 0.007 0 2 1 19.98
02 022596 00 05139 56561.35698000 14.794 0.009 0 2 1 19.90
02 022596 00 05139 56561.38971000 14.798 0.005 0 2 1 19.90
02 022596 00 05139 56563.20156000 14.804 0.004 0 2 1 19.94
02 022596 00 05139 56563.25510000 14.806 0.004 0 2 1 20.05
02 022596 00 05139 56563.28819000 14.806 0.004 0 2 1 20.27
02 022596 00 05139 56564.24817000 14.818 0.005 0 2 1 20.29
02 022596 00 05139 56564.32750000 14.809 0.004 0 2 1 20.47
02 022596 00 05139 56564.47102000 14.815 0.004 0 2 1 20.12
02 022596 00 05139 56565.37362000 14.812 0.004 0 2 1 20.32
02 022596 00 05139 56565.45904000 14.813 0.005 0 2 1 20.23
02 022596 00 05139 56566.19314000 14.815 0.004 0 2 1 20.12
02 022596 00 05139 56566.30039000 14.810 0.004 0 2 1 20.49
02 022596 00 05139 56566.35992000 14.805 0.003 0 2 1 20.42
02 022596 00 05139 56567.26250000 14.808 0.004 0 2 1 20.49
02 022596 00 05139 56567.29564000 14.805 0.004 0 2 1 20.59
02 022596 00 05139 56567.43010000 14.810 0.004 0 2 1 20.50
02 022596 00 05139 56568.33200000 14.813 0.005 0 2 1 20.49
02 022596 00 05139 56568.43890000 14.809 0.004 0 2 1 20.45
02 022596 00 05139 56568.47185000 14.813 0.005 0 2 1 20.18
02 022596 00 05139 56570.18179000 14.804 0.007 0 2 1 19.37
02 022596 00 05139 56570.21521000 14.796 0.009 0 2 1 19.36
02 022596 00 05139 56570.25029000 14.804 0.007 0 2 1 19.83
02 022596 00 05139 56571.17905000 14.793 0.009 0 2 1 19.10
02 022596 00 05139 56571.21220000 14.804 0.009 0 2 1 19.31
02 022596 00 05139 56571.27148000 14.805 0.008 0 2 1 19.76
02 022596 00 05139 56572.17663000 14.797 0.008 0 2 1 19.79
02 022596 00 05139 56572.21029000 14.796 0.008 0 2 1 20.13
02 022596 00 05139 56572.24826000 14.790 0.012 0 2 5 20.32
02 022596 00 05139 56573.17712000 14.812 0.004 0 2 1 20.24
02 022596 00 05139 56573.26116000 14.806 0.004 0 2 1 20.53
02 022596 00 05139 56573.29824000 14.810 0.004 0 2 1 20.43
02 022596 00 05139 56577.30501000 14.805 0.004 0 2 1 20.40
02 022596 00 05139 56577.33038000 14.810 0.004 0 2 1 20.35
02 022596 00 05139 56578.23170000 14.810 0.004 0 2 1 19.99
02 022596 00 05139 56578.25689000 14.807 0.005 0 2 1 20.17
02 022596 00 05139 56579.25760000 14.801 0.006 0 2 1 19.66
02 022596 00 05139 56579.34108000 14.809 0.005 0 2 1 19.81
02 022596 00 05139 56580.24265000 14.799 0.007 0 2 1 19.39
02 022596 00 05139 56580.33990000 14.807 0.006 0 2 1 19.73
02 022596 00 05139 56587.14887000 14.812 0.004 0 2 1 19.82
02 022596 00 05139 56587.25635000 14.814 0.005 0 2 1 19.90
02 022596 00 05139 56587.28145000 14.815 0.005 0 2 1 19.97
02 022596 00 05139 56588.18323000 14.810 0.004 0 2 1 19.86
02 022596 00 05139 56588.33337000 14.801 0.005 0 2 1 19.75
02 022596 00 05139 56588.35860000 14.814 0.005 0 2 1 19.73
02 022596 00 05139 56589.26071000 14.808 0.004 0 2 1 20.26
02 022596 00 05139 56589.29270000 14.813 0.004 0 2 1 20.24
02 022596 00 05139 56589.32089000 14.811 0.004 0 2 1 20.24
02 022596 00 05139 56590.22301000 14.807 0.004 0 2 1 20.38
02 022596 00 05139 56590.35051000 14.808 0.004 0 2 1 20.25
02 022596 00 05139 56590.37624000 14.810 0.004 0 2 1 20.12
02 022596 00 05139 56591.27762000 14.786 0.016 0 2 5 19.10
02 022596 00 05139 56591.31353000 14.789 0.009 0 2 1 20.21
02 022596 00 05139 56591.34215000 14.792 0.007 0 2 1 20.25
02 022596 00 05139 56593.12809000 14.820 0.005 0 2 1 20.25
02 022596 00 05139 56593.15321000 14.815 0.005 0 2 1 20.33
02 022596 00 05139 56593.17777000 14.816 0.005 0 2 1 20.32
02 022596 00 05139 56596.15366000 14.811 0.004 0 2 1 20.28
02 022596 00 05139 56596.29477000 14.796 0.007 0 2 1 19.59
02 022596 00 05139 56596.32059000 14.801 0.005 0 2 1 19.94
02 022596 00 05139 56597.22277000 14.805 0.005 0 2 1 20.16
02 022596 00 05139 56597.30609000 14.805 0.005 0 2 1 19.85
02 022596 00 05139 56597.33181000 14.806 0.006 0 2 1 19.81
02 022596 00 05139 56598.23407000 14.803 0.005 0 2 1 19.95
02 022596 00 05139 56598.28164000 14.810 0.004 0 2 1 20.05
02 022596 00 05139 56598.30603000 14.806 0.005 0 2 1 20.18
02 022596 00 05139 56599.20785000 14.807 0.004 0 2 1 20.26
02 022596 00 05139 56599.27141000 14.816 0.005 0 2 1 20.43
02 022596 00 05139 56599.29593000 14.808 0.004 0 2 1 20.34
02 022596 00 05139 56600.24929000 14.803 0.005 0 2 1 20.53
02 022596 00 05139 56600.35208000 14.806 0.005 0 2 1 20.05
02 022596 00 05139 56600.37688000 14.798 0.005 0 2 1 19.97
02 022596 00 05139 56602.13260000 14.802 0.006 0 2 1 19.79
02 022596 00 05139 56602.21626000 14.796 0.010 0 2 1 19.47
02 022596 00 05139 56602.24163000 14.786 0.012 0 2 5 19.38
02 022596 00 05139 56603.14360000 14.808 0.006 0 2 1 19.98
02 022596 00 05139 56603.22986000 14.808 0.005 0 2 1 20.05
02 022596 00 05139 56603.25523000 14.806 0.007 0 2 1 19.92
02 022596 00 05139 56605.12391000 14.801 0.004 0 2 1 20.26
02 022596 00 05139 56605.14865000 14.810 0.003 0 2 1 20.29
02 022596 00 05139 56605.17347000 14.813 0.004 0 2 1 20.31
02 022596 00 05139 56606.08972000 14.809 0.010 0 2 1 19.22
02 022596 00 05139 56606.12976000 14.788 0.008 0 2 1 19.33
02 022596 00 05139 56606.15536000 14.785 0.012 0 2 5 18.80
02 022596 00 05139 56607.15112000 14.804 0.005 0 2 1 20.07
02 022596 00 05139 56607.28584000 14.804 0.007 0 2 1 19.86
02 022596 00 05139 56607.31111000 14.799 0.007 0 2 1 19.51
02 002701 06 02951 57332.17051000 14.802 0.006 0 2 1 20.06
02 002701 06 02951 57606.47691000 14.799 0.009 0 2 1 20.14
02 002701 06 02951 57607.44672000 14.807 0.009 0 2 1 20.10
02 002701 06 02951 57607.49843000 14.798 0.010 0 2 1 19.79
02 002701 06 02951 57608.44028000 14.802 0.009 0 2 1 20.10
02 002701 06 02951 57608.48126000 14.791 0.009 0 2 1 20.10
02 002701 06 02951 57610.45962000 14.804 0.006 0 2 1 20.04
02 002701 06 02951 57610.50207000 14.802 0.005 0 2 1 19.55
02 002701 06 02951 57611.47080000 14.805 0.005 0 2 1 20.04
02 002701 06 02951 57612.47089000 14.798 0.004 0 2 1 20.12
02 002701 06 02951 57613.45950000 14.810 0.004 0 2 1 20.12
02 002701 06 02951 57613.50515000 14.799 0.006 0 2 1 19.64
02 002701 06 02951 57613.50885000 14.792 0.006 0 2 1 19.07
