# ra dec d.mjd mag magErr o.obj_id e.exptime
312.81509319  44.24871804 55438.33024000  15.12232682   0.00773097 11301783264886266692  60.000
312.81510283  44.24872059 55438.41325000  15.19458326   0.00744705 11301783264886266692  60.000
312.81513414  44.24869452 56425.40475000  15.38752629   0.00668256 11301783264886266692  60.000
312.81513930  44.24869940 56425.37471000  15.37563580   0.00566300 11301783264886266692  60.000
312.81514057  44.24869798 56425.34251000  15.37523709   0.00600750 11301783264886266692  60.000
312.81513962  44.24865614 56099.26819000  14.97843361   0.00554310 11301783264886266692  60.000
312.81511768  44.24869466 55651.48171000  14.96711940   0.00573741 11301783264886266692  60.000
312.81518874  44.24869254 55651.43840000  14.96368629   0.00810522 11301783264886266692  60.000
312.81509206  44.24874242 55791.40628000  15.24372823   0.00642453 11301783264886266692  60.000
312.81517855  44.24871549 55896.08758000  15.09189051   0.01102236 11301783264886266692  60.000
312.81509888  44.24873700 55340.42921000  15.07106927   0.00666703 11301783264886266692  60.000
312.81518094  44.24870023 55990.50977000  14.98210177   0.00916909 11301783264886266692  60.000
312.81510124  44.24871164 55448.18887000  15.39755635   0.00736198 11301783264886266692  60.000
312.81508253  44.24872377 55448.14421000  15.39265244   0.00820657 11301783264886266692  60.000
312.81510060  44.24869828 55702.34368000  15.58294946   0.22508792 11301783264886266692  60.000
312.81514383  44.24867238 55702.30029000  15.20991510   0.00644537 11301783264886266692  60.000
312.81511426  44.24868763 56125.34260000  15.19459301   0.00651872 11301783264886266692  60.000
312.81515001  44.24867814 56020.42898000  14.95290672   0.00850868 11301783264886266692  60.000
312.81514734  44.24867675 55842.15591000  15.13138653   0.00834713 11301783264886266692  60.000
312.81515312  44.24867895 55817.21056000  15.17604826   0.01070385 11301783264886266692  60.000
312.81512124  44.24864219 55817.13102000  15.33503650   0.06349952 11301783264886266692  60.000
312.81514480  44.24868609 56389.51620000  15.13140259   0.01126042 11301783264886266692  60.000
312.81514566  44.24868523 56036.38638000  15.05717545   0.00965838 11301783264886266692  60.000
312.81512363  44.24866690 55753.46612000  15.03783463   0.00670861 11301783264886266692  60.000
312.81507619  44.24872035 55541.10755000  15.23299573   0.00663081 11301783264886266692  60.000
312.81516223  44.24870221 55982.52851000  15.00543245   0.00611643 11301783264886266692  60.000
312.81510332  44.24873733 55664.48211000  15.34705360   0.00750977 11301783264886266692  60.000
312.81509396  44.24869811 55380.46681000  15.00942652   0.00683158 11301783264886266692  60.000
312.81512015  44.24870077 55721.32036000  14.91763068   0.00910842 11301783264886266692  60.000
312.81515336  44.24868018 55887.17626000  14.93144823   0.00626123 11301783264886266692  60.000
312.81514216  44.24867793 55887.13179000  14.95905496   0.00629702 11301783264886266692  60.000
312.81514959  44.24867506 55893.10970000  15.05223167   0.00628603 11301783264886266692  60.000
312.81514640  44.24866350 55893.08178000  15.05658807   0.00621624 11301783264886266692  60.000
312.81509496  44.24869942 55416.28713000  14.92885991   0.01724145 11301783264886266692  60.000
312.81511301  44.24867974 55416.33031000  14.90796765   0.02161605 11301783264886266692  60.000
312.81513187  44.24868041 56087.29053000  15.11821399   0.00995718 11301783264886266692  60.000
312.81516836  44.24866981 56128.21539000  15.02877008   0.00589037 11301783264886266692  60.000
312.81516188  44.24866473 56128.18529000  15.04188238   0.00657377 11301783264886266692  60.000
312.81511354  44.24870560 55681.47557000  14.94479527   0.00648586 11301783264886266692  60.000
312.81511808  44.24869815 55681.43247000  14.94148189   0.00640683 11301783264886266692  60.000
312.81519845  44.24872083 55604.56110000  14.95385223   0.00771635 11301783264886266692  60.000
312.81512084  44.24866371 56068.30471000  14.99886050   0.00621842 11301783264886266692  60.000
312.81513705  44.24868452 56138.19936000  14.93690764   0.00614329 11301783264886266692  60.000
312.81511529  44.24872039 55537.16063000  15.13063219   0.00896774 11301783264886266692  60.000
312.81507288  44.24872130 55537.11625000  15.15227525   0.00874704 11301783264886266692  60.000
312.81514780  44.24869507 55731.21804000  15.06651464   0.01130997 11301783264886266692  60.000
312.81512656  44.24866048 56135.20155000  15.12336393   0.00650414 11301783264886266692  60.000
312.81513857  44.24865357 56135.23135000  15.15934631   0.00497735 11301783264886266692  60.000
312.81517605  44.24869202 56402.51043000  15.22283558   0.00848551 11301783264886266692  60.000
312.81516058  44.24868184 56402.45102000  15.22932769   0.00556467 11301783264886266692  60.000
312.81508736  44.24870856 55766.33272000  15.13305960   0.00580238 11301783264886266692  60.000
312.81514891  44.24868000 55328.45302000  15.02408021   0.00735133 11301783264886266692  60.000
312.81511453  44.24867881 55328.40851000  15.03994558   0.00965836 11301783264886266692  60.000
312.81510078  44.24872116 55538.13368000  14.98951898   0.00508070 11301783264886266692  60.000
312.81508766  44.24870763 55538.08975000  14.99200492   0.00527191 11301783264886266692  60.000
312.81516275  44.24868367 56189.23662000  15.41405960   0.00782696 11301783264886266692  60.000
312.81517134  44.24868372 56189.20608000  15.43720862   0.00745818 11301783264886266692  60.000
312.81506529  44.24869306 55335.47743000  15.27364999   0.00799121 11301783264886266692  60.000
312.81514331  44.24868564 56065.36275000  15.00777493   0.00776420 11301783264886266692  60.000
312.81513027  44.24867647 56065.33249000  15.00129681   0.00700300 11301783264886266692  60.000
312.81515058  44.24869022 56065.30153000  14.98815816   0.00902865 11301783264886266692  60.000
312.81517413  44.24869883 56100.23590000  15.20836490   0.01011860 11301783264886266692  60.000
312.81511695  44.24871411 56714.54911000  15.25748350   0.00758120 11301783264886266692  60.000
312.81519136  44.24872564 56107.23442000  14.99580555   0.01167633 11301783264886266692  60.000
312.81514006  44.24866069 55852.14190000  15.06227178   0.00512280 11301783264886266692  60.000
312.81515146  44.24868070 56046.36615000  14.96621439   0.00676945 11301783264886266692  60.000
312.81513118  44.24866973 56399.48887000  15.27780244   0.00711824 11301783264886266692  60.000
312.81513733  44.24866172 56399.45884000  15.27379518   0.00749490 11301783264886266692  60.000
312.81511771  44.24866921 56205.22522000  14.91164195   0.00578075 11301783264886266692  60.000
312.81512572  44.24866796 56205.17720000  14.91103631   0.00568403 11301783264886266692  60.000
312.81518451  44.24873465 56338.55316000  14.99043960   0.01631769 11301783264886266692  60.000
312.81512705  44.24869311 55763.20557000  15.01619726   0.00636522 11301783264886266692  60.000
312.81512229  44.24866757 56151.40323000  14.97747262   0.00492939 11301783264886266692  60.000
312.81516876  44.24874065 56027.41627000  15.23274357   0.00991171 11301783264886266692  60.000
312.81514175  44.24872459 56027.44729000  15.23738600   0.00822576 11301783264886266692  60.000
312.81511443  44.24868591 55356.30885000  15.18024770   0.00823299 11301783264886266692  60.000
312.81511388  44.24871461 55709.39712000  14.95491650   0.01033667 11301783264886266692  60.000
312.81514792  44.24870839 55709.35309000  14.96633123   0.01222210 11301783264886266692  60.000
312.81517929  44.24869284 56373.52985000  15.18959465   0.01008339 11301783264886266692  60.000
312.81512988  44.24866576 56097.32233000  15.11844085   0.00680974 11301783264886266692  60.000
312.81514045  44.24866506 56097.29266000  15.11459493   0.00766387 11301783264886266692  60.000
312.81514499  44.24867578 56062.35381000  15.24506885   0.00696244 11301783264886266692  60.000
312.81514867  44.24869282 55884.13285000  15.06180268   0.01225230 11301783264886266692  60.000
312.81514709  44.24869134 55884.08956000  15.07463807   0.01264189 11301783264886266692  60.000
312.81514971  44.24866524 55849.14358000  14.98437187   0.00632041 11301783264886266692  60.000
312.81512652  44.24871179 55302.47917000  15.06951715   0.00658912 11301783264886266692  60.000
312.81508987  44.24874045 55351.31454000  15.04072148   0.00616034 11301783264886266692  60.000
312.81509994  44.24870954 55351.27118000  15.05224970   0.00594957 11301783264886266692  60.000
312.81514434  44.24869288 56078.29789000  15.01294368   0.00788194 11301783264886266692  60.000
312.81514263  44.24871377 55636.48630000  15.20854158   0.00637950 11301783264886266692  60.000
312.81515155  44.24868960 56083.31941000  15.06520357   0.00987574 11301783264886266692  60.000
312.81516199  44.24869463 56083.25226000  15.07076274   0.01268719 11301783264886266692  60.000
312.81516575  44.24868778 56083.28947000  15.04619424   0.01172727 11301783264886266692  60.000
312.81514593  44.24867438 55671.38001000  15.01922079   0.00965894 11301783264886266692  60.000
312.81512566  44.24869530 55671.43174000  15.01846657   0.00749091 11301783264886266692  60.000
312.81510012  44.24868070 56024.42049000  15.15005609   0.04214893 11301783264886266692  60.000
312.81514726  44.24866624 56412.42501000  15.17391693   0.00603940 11301783264886266692  60.000
312.81518415  44.24875866 55968.56586000  15.10074272   0.01907571 11301783264886266692  60.000
312.81517202  44.24876574 55968.56701000  15.11990610   0.01623717 11301783264886266692  60.000
312.81517295  44.24866593 56129.20245000  15.04955784   0.00624121 11301783264886266692  60.000
312.81517302  44.24865490 56129.17347000  15.06247522   0.00598617 11301783264886266692  60.000
312.81514077  44.24868581 56094.26265000  14.94440292   0.00556498 11301783264886266692  60.000
312.81512995  44.24866593 56094.30060000  14.92552284   0.00585594 11301783264886266692  60.000
312.81511443  44.24872450 55652.47797000  14.95610051   0.00486865 11301783264886266692  60.000
312.81511184  44.24872784 55652.43363000  14.95854517   0.00659790 11301783264886266692  60.000
312.81512337  44.24871035 55793.39918000  15.01074778   0.00696288 11301783264886266692  60.000
312.81510084  44.24871417 55793.45163000  14.99620553   0.00627955 11301783264886266692  60.000
312.81509881  44.24868493 55793.49499000  14.98961786   0.00688966 11301783264886266692  60.000
312.81512657  44.24871787 55793.36162000  14.99822189   0.00860910 11301783264886266692  60.000
312.81511623  44.24870768 55725.34111000  15.06738517   0.00713880 11301783264886266692  60.000
312.81514007  44.24864985 56075.38713000  14.99473029   0.00540260 11301783264886266692  60.000
312.81515463  44.24866840 55916.09646000  14.97633380   0.00818757 11301783264886266692  60.000
312.81516365  44.24868108 55916.14101000  14.96886758   0.00655138 11301783264886266692  60.000
312.81512152  44.24868376 55722.29226000  15.30337430   0.00710670 11301783264886266692  60.000
312.81511596  44.24869215 56622.16709000  15.11474529   0.01172591 11301783264886266692  60.000
312.81511844  44.24868794 56622.10667000  15.13864883   0.00967164 11301783264886266692  60.000
312.81511589  44.24868713 56622.07922000  15.13805902   0.01052036 11301783264886266692  60.000
312.81513693  44.24871719 55683.45501000  15.35780650   0.01342130 11301783264886266692  60.000
312.81511458  44.24873746 55683.41095000  15.35990176   0.01155303 11301783264886266692  60.000
312.81517118  44.24871616 56637.10509000  15.14212793   0.01564604 11301783264886266692  60.000
312.81515891  44.24869154 56340.54690000  15.01502145   0.00751878 11301783264886266692  60.000
312.81514213  44.24868979 56091.28563000  15.26222576   0.00587489 11301783264886266692  60.000
312.81508835  44.24869410 55792.47013000  15.07502298   0.00786201 11301783264886266692  60.000
312.81508097  44.24871482 55792.39420000  15.10259112   0.00543154 11301783264886266692  60.000
312.81509266  44.24867158 55792.50594000  15.06722928   0.00687264 11301783264886266692  60.000
312.81509861  44.24871258 55634.47990000  15.33017998   0.00767592 11301783264886266692  60.000
312.81510017  44.24871706 55711.44230000  15.05536545   0.00620125 11301783264886266692  60.000
312.81515791  44.24870955 56037.43852000  15.41761254   0.00680048 11301783264886266692  60.000
312.81518536  44.24876017 56037.37815000  15.38403301   0.00805913 11301783264886266692  60.000
312.81522273  44.24872342 56037.40884000  15.39876797   0.00736070 11301783264886266692  60.000
312.81516002  44.24866764 56195.19802000  15.20123725   0.00622556 11301783264886266692  60.000
312.81513120  44.24868461 56126.23631000  15.16738783   0.00732903 11301783264886266692  60.000
312.81515333  44.24868675 56460.24525000  15.31620583   0.00648388 11301783264886266692  60.000
312.81513794  44.24867012 56460.28277000  15.31328774   0.00697876 11301783264886266692  60.000
312.81532208  44.24878274 56176.20031000  15.01958110   0.00906850 11301783264886266692  60.000
312.81529636  44.24875768 56176.13453000  15.04267916   0.00820174 11301783264886266692  60.000
312.81513750  44.24865270 56177.23333000  14.93794707   0.00546067 11301783264886266692  60.000
312.81513547  44.24865502 56177.20358000  14.93982100   0.00548978 11301783264886266692  60.000
312.81512573  44.24864850 56177.14500000  14.91262496   0.00544135 11301783264886266692  60.000
312.81517948  44.24872425 56071.35957000  15.08469678   0.00844872 11301783264886266692  60.000
312.81521088  44.24875728 56071.32299000  15.08350866   0.01356495 11301783264886266692  60.000
312.81517366  44.24872282 56071.28366000  15.08586312   0.00815367 11301783264886266692  60.000
312.81511639  44.24870476 55735.20309000  14.93460330   0.00589891 11301783264886266692  60.000
312.81510074  44.24869889 56721.55205000  14.99280864   0.00905436 11301783264886266692  60.000
312.81513081  44.24864847 56565.19013000  15.13926569   0.00638477 11301783264886266692  60.000
312.81513076  44.24865090 56565.15294000  15.15681807   0.00597631 11301783264886266692  60.000
312.81513847  44.24866959 55894.08284000  15.07253490   0.00840218 11301783264886266692  60.000
312.81512893  44.24865520 56133.23567000  14.92935447   0.00477838 11301783264886266692  60.000
312.81511503  44.24867459 56198.20200000  15.08491069   0.00735298 11301783264886266692  60.000
312.81508922  44.24867107 55533.16897000  15.45476087   0.04183270 11301783264886266692  60.000
312.81510256  44.24867840 56193.22596000  15.30970061   0.06000625 11301783264886266692  60.000
312.81511668  44.24866996 56193.19578000  15.26646991   0.01672410 11301783264886266692  60.000
312.81519280  44.24872543 56254.08312000  15.08477162   0.00684916 11301783264886266692  60.000
312.81519343  44.24873247 56254.11883000  15.07479583   0.00777913 11301783264886266692  60.000
312.81513021  44.24867603 56265.12686000  14.89522833   0.01148786 11301783264886266692  60.000
312.81514342  44.24867772 56265.15706000  14.88632268   0.00882586 11301783264886266692  60.000
312.81515827  44.24867723 55851.14021000  15.19172445   0.00675512 11301783264886266692  60.000
312.81515420  44.24866715 55851.09700000  15.20155897   0.00639877 11301783264886266692  60.000
312.81506045  44.24871170 55477.23424000  15.01602100   0.00539211 11301783264886266692  60.000
312.81513608  44.24867177 56104.22387000  14.88987427   0.00632513 11301783264886266692  60.000
312.81518537  44.24866303 56127.25184000  15.06520573   0.00743630 11301783264886266692  60.000
312.81519878  44.24865445 56127.22231000  15.02757798   0.02847525 11301783264886266692  60.000
312.81518633  44.24870777 55697.30774000  15.29938354   0.01253345 11301783264886266692  60.000
312.81518763  44.24872711 56120.25170000  15.33267588   0.01772271 11301783264886266692  60.000
312.81515763  44.24866339 55891.12440000  15.06879808   0.00666430 11301783264886266692  60.000
312.81515992  44.24866443 55891.08001000  15.07899673   0.00601857 11301783264886266692  60.000
312.81508485  44.24875590 55061.38339000  14.92823897   0.00685027 11301783264886266692  60.000
312.81525343  44.24877816 55526.20027000  15.20929830   0.01406855 11301783264886266692  60.000
312.81533043  44.24883912 55526.15650000  15.17767426   0.03177772 11301783264886266692  60.000
312.81512517  44.24868828 56066.39229000  15.15544002   0.00585144 11301783264886266692  60.000
312.81512757  44.24869584 56066.36296000  15.14524521   0.00612900 11301783264886266692  60.000
312.81506945  44.24870262 55381.45505000  15.11428673   0.00661552 11301783264886266692  60.000
312.81519480  44.24875140 56101.20459000  15.47830862   0.00870795 11301783264886266692  60.000
312.81518327  44.24874793 56101.23429000  15.46809851   0.00658230 11301783264886266692  60.000
312.81505928  44.24869434 55518.12464000  15.17386140   0.00751261 11301783264886266692  60.000
312.81506508  44.24867706 55518.16799000  15.19390885   0.00665107 11301783264886266692  60.000
312.81514184  44.24865915 56206.25822000  14.95634291   0.00552518 11301783264886266692  60.000
312.81513426  44.24866347 56206.22846000  14.97122102   0.00649158 11301783264886266692  60.000
312.81514911  44.24866063 56206.11206000  15.02778347   0.00608033 11301783264886266692  60.000
312.81522489  44.24878285 56400.48539000  15.82075776   0.01137473 11301783264886266692  60.000
312.81521502  44.24879004 56400.45557000  15.80842091   0.01303757 11301783264886266692  60.000
312.81515045  44.24869595 56204.14142000  15.36046743   0.01278997 11301783264886266692  60.000
312.81515189  44.24869297 56370.53747000  15.21392437   0.00973177 11301783264886266692  60.000
312.81507983  44.24869892 55516.14507000  15.05470723   0.00743868 11301783264886266692  60.000
312.81511509  44.24869716 55764.26528000  15.01888715   0.00791006 11301783264886266692  60.000
312.81510976  44.24870360 55764.18206000  15.03033987   0.00601298 11301783264886266692  60.000
312.81508947  44.24868501 55764.46272000  15.03032168   0.00497642 11301783264886266692  60.000
312.81507790  44.24871486 55764.37184000  15.02386606   0.00647501 11301783264886266692  60.000
312.81509885  44.24867563 55764.31495000  15.01698591   0.00630693 11301783264886266692  60.000
312.81519438  44.24873195 56414.47296000  15.43415861   0.00885760 11301783264886266692  60.000
312.81516469  44.24869517 56414.44330000  15.40376398   0.00807691 11301783264886266692  60.000
312.81525984  44.24876054 56414.35839000  15.33606229   0.01678651 11301783264886266692  60.000
312.81513755  44.24869380 55322.35902000  15.18219112   0.00851544 11301783264886266692  60.000
312.81513099  44.24869524 55322.40278000  15.17339374   0.00724148 11301783264886266692  60.000
312.81514077  44.24866480 56063.36228000  15.08639867   0.00615293 11301783264886266692  60.000
312.81513388  44.24866409 56063.39681000  15.07341543   0.00591477 11301783264886266692  60.000
312.81517249  44.24865593 56769.40300000  15.36454648   0.07524424 11301783264886266692  60.000
312.81515697  44.24868247 56098.22411000  14.98352830   0.00681020 11301783264886266692  60.000
312.81513272  44.24867682 56098.25353000  14.96917866   0.00687757 11301783264886266692  60.000
312.81512256  44.24867578 56098.28337000  14.96219884   0.00615235 11301783264886266692  60.000
312.81515721  44.24867063 55928.08230000  14.96376518   0.00762939 11301783264886266692  60.000
312.81514804  44.24869174 55928.10494000  14.95248597   0.00761885 11301783264886266692  60.000
312.81512094  44.24869756 55542.08175000  15.13803290   0.01299870 11301783264886266692  60.000
312.81513949  44.24869572 55542.12498000  15.10458776   0.01172072 11301783264886266692  60.000
312.81511988  44.24869259 55638.48236000  15.12967178   0.01259491 11301783264886266692  60.000
312.81512007  44.24869910 55638.48778000  15.11492405   0.01237897 11301783264886266692  60.000
312.81513593  44.24867876 55821.14471000  15.07319584   0.00593242 11301783264886266692  60.000
312.81515524  44.24866159 55637.47161000  15.20996961   0.07846454 11301783264886266692  60.000
312.81514886  44.24866618 55637.47027000  15.37108205   0.07097042 11301783264886266692  60.000
312.81514013  44.24868098 56238.11936000  15.08110380   0.00563678 11301783264886266692  60.000
312.81512800  44.24867342 56079.30662000  15.09857507   0.00784725 11301783264886266692  60.000
312.81512743  44.24866943 56079.27690000  15.08532655   0.00786589 11301783264886266692  60.000
312.81512514  44.24863605 55818.20352000  15.26557392   0.00739776 11301783264886266692  60.000
312.81507867  44.24868472 55790.31549000  15.05921876   0.00578462 11301783264886266692  60.000
312.81513599  44.24867616 55707.32306000  15.02378488   0.00629305 11301783264886266692  60.000
312.81513423  44.24868146 55707.27983000  15.00966294   0.00737381 11301783264886266692  60.000
312.81517929  44.24868188 56095.23627000  15.08611492   0.00726041 11301783264886266692  60.000
312.81513851  44.24868112 56095.29604000  15.09290939   0.00579003 11301783264886266692  60.000
312.81512797  44.24868457 56095.26633000  15.08163654   0.00607890 11301783264886266692  60.000
312.81514592  44.24872042 55669.42387000  15.13254465   0.00939833 11301783264886266692  60.000
312.81514189  44.24869424 55901.11778000  15.05754919   0.01074722 11301783264886266692  60.000
312.81513905  44.24868175 55901.09146000  15.04326597   0.00945437 11301783264886266692  60.000
312.81513288  44.24865615 56448.27816000  15.22921544   0.00691925 11301783264886266692  60.000
312.81507133  44.24872233 55734.42012000  14.96864202   0.00605396 11301783264886266692  60.000
312.81509825  44.24867616 56165.34231000  15.05512765   0.00524054 11301783264886266692  60.000
312.81514330  44.24867779 55680.40032000  14.98708811   0.00613464 11301783264886266692  60.000
312.81521230  44.24872123 55680.35565000  14.98539150   0.01221538 11301783264886266692  60.000
312.81513173  44.24866167 56712.55424000  15.13308799   0.00631006 11301783264886266692  60.000
312.81516939  44.24873613 56111.20693000  15.14612433   0.01176385 11301783264886266692  60.000
312.81515097  44.24868548 56041.41615000  15.01724526   0.01090726 11301783264886266692  60.000
312.81516996  44.24871546 56041.38600000  15.01013548   0.00906139 11301783264886266692  60.000
312.81513481  44.24868479 56041.48211000  15.07853201   0.00621843 11301783264886266692  60.000
312.81506910  44.24870834 55376.42012000  14.94033432   0.00617025 11301783264886266692  60.000
312.81515215  44.24871827 56076.29778000  15.33925866   0.00814044 11301783264886266692  60.000
312.81512735  44.24870664 56489.23103000  15.50970656   0.00784801 11301783264886266692  60.000
312.81515088  44.24868108 56251.08133000  14.98006959   0.00598972 11301783264886266692  60.000
312.81508255  44.24871677 55386.39715000  14.97223077   0.00667382 11301783264886266692  60.000
312.81512762  44.24870373 56047.36398000  15.06770964   0.00678295 11301783264886266692  60.000
312.81513562  44.24867919 56232.13002000  15.04763069   0.00888262 11301783264886266692  60.000
312.81514379  44.24866990 56387.52176000  15.27097871   0.00718637 11301783264886266692  60.000
312.81516912  44.24868854 56387.49156000  15.27851590   0.00798035 11301783264886266692  60.000
312.81514781  44.24866856 56108.22845000  15.03834942   0.00577450 11301783264886266692  60.000
312.81515006  44.24869891 56108.19822000  15.02963567   0.00723407 11301783264886266692  60.000
312.81510926  44.24873979 55755.47584000  14.91018170   0.00495257 11301783264886266692  60.000
312.81515401  44.24869044 55923.14260000  15.00654729   0.00868893 11301783264886266692  60.000
312.81516132  44.24869340 55923.09867000  15.00485154   0.00767658 11301783264886266692  60.000
312.81513595  44.24868012 56019.52062000  14.98676191   0.00806934 11301783264886266692  60.000
312.81519927  44.24873989 56019.42813000  14.99673829   0.02739919 11301783264886266692  60.000
312.81522847  44.24879673 56337.55433000  15.08745574   0.01693346 11301783264886266692  60.000
312.81513514  44.24866196 56178.23118000  14.91531812   0.00523990 11301783264886266692  60.000
312.81512686  44.24865486 56178.20148000  14.92167193   0.00521258 11301783264886266692  60.000
312.81512185  44.24865750 56178.15205000  14.91632904   0.00506106 11301783264886266692  60.000
312.81511855  44.24869957 55633.51258000  15.10732561   0.00594790 11301783264886266692  60.000
312.81512995  44.24870294 55606.56615000  15.01837145   0.00981944 11301783264886266692  60.000
312.81514046  44.24867776 56103.22637000  15.01575358   0.00712206 11301783264886266692  60.000
312.81516727  44.24869625 56103.19618000  15.01571842   0.00935180 11301783264886266692  60.000
312.81514369  44.24866850 56103.24057000  15.01625863   0.00654706 11301783264886266692  60.000
312.81515142  44.24865049 56089.26872000  15.11826471   0.00546158 11301783264886266692  60.000
312.81513031  44.24865018 56124.29882000  14.94903115   0.00503973 11301783264886266692  60.000
312.81511921  44.24870604 55316.41979000  15.21718457   0.00717244 11301783264886266692  60.000
312.81512739  44.24865452 56456.29444000  15.01612850   0.00558419 11301783264886266692  60.000
312.81514904  44.24868286 56456.25664000  15.02060690   0.00561643 11301783264886266692  60.000
312.81507228  44.24865088 55986.54387000  15.17040926   0.16236896 11301783264886266692  60.000
312.81517618  44.24873305 56105.22885000  14.98047328   0.01129967 11301783264886266692  60.000
312.81513671  44.24867099 56070.34809000  15.04580351   0.00806456 11301783264886266692  60.000
312.81517090  44.24868275 56070.37962000  15.02724849   0.00924135 11301783264886266692  60.000
312.81515248  44.24868793 56070.31850000  15.03653948   0.00882573 11301783264886266692  60.000
312.81516786  44.24870493 55981.54120000  14.97941016   0.00793611 11301783264886266692  60.000
312.81514981  44.24866911 55822.13332000  15.02097062   0.00498352 11301783264886266692  60.000
312.81516207  44.24869728 55704.35520000  15.12331295   0.01540520 11301783264886266692  60.000
312.81516127  44.24870026 55704.31125000  15.14236370   0.01390233 11301783264886266692  60.000
312.81510447  44.24869504 55663.40052000  15.22097038   0.00757364 11301783264886266692  60.000
312.81516382  44.24872004 56116.24274000  15.23537635   0.00752628 11301783264886266692  60.000
312.81514377  44.24870637 56116.18258000  15.25140847   0.00725361 11301783264886266692  60.000
312.81523874  44.24875362 55892.10708000  14.98642424   0.02140982 11301783264886266692  60.000
312.81513197  44.24867432 55682.41013000  15.05603867   0.00613158 11301783264886266692  60.000
312.81514176  44.24868935 55682.36640000  15.03199362   0.00786255 11301783264886266692  60.000
312.81515620  44.24870936 55696.31038000  14.99075495   0.01252292 11301783264886266692  60.000
312.81509516  44.24872706 55062.32657000  14.95465364   0.00730903 11301783264886266692  60.000
312.81507310  44.24870478 55062.39059000  14.94484843   0.00793071 11301783264886266692  60.000
312.81513094  44.24866120 56816.47301000  15.09339900   0.00701029 11301783264886266692  60.000
312.81509442  44.24865664 56816.45975000  15.10984571   0.00745551 11301783264886266692  60.000
312.81516401  44.24869519 56049.35778000  15.14252963   0.01185442 11301783264886266692  60.000
312.81513148  44.24866027 56579.09799000  15.28125039   0.00736450 11301783264886266692  60.000
312.81515625  44.24872477 55989.55751000  15.04983776   0.01727250 11301783264886266692  60.000
312.81522735  44.24873217 55989.51066000  15.02359594   0.02051240 11301783264886266692  60.000
312.81508376  44.24871273 55396.41147000  14.99156975   0.00646553 11301783264886266692  60.000
312.81515315  44.24866159 56374.52649000  15.11658366   0.00621590 11301783264886266692  60.000
312.81513893  44.24865662 55854.09544000  15.04727835   0.00655289 11301783264886266692  60.000
312.81514337  44.24866036 55854.13986000  15.03886634   0.00569619 11301783264886266692  60.000
312.81508644  44.24872132 55466.37713000  15.08021759   0.00786850 11301783264886266692  60.000
312.81513362  44.24864923 56388.48884000  15.09302406   0.00704009 11301783264886266692  60.000
312.81513591  44.24867834 56048.44155000  15.00500881   0.01025674 11301783264886266692  60.000
312.81509612  44.24865406 55784.29400000  14.96885163   0.00675371 11301783264886266692  60.000
312.81508347  44.24867765 55784.47947000  14.97122110   0.00552652 11301783264886266692  60.000
312.81515861  44.24866285 56207.23272000  15.05689161   0.01798185 11301783264886266692  60.000
312.81514400  44.24865097 56207.16743000  15.07940396   0.01422427 11301783264886266692  60.000
312.81512745  44.24867900 56257.08229000  15.03485305   0.00619507 11301783264886266692  60.000
312.81527479  44.24873388 56335.55984000  15.10576355   0.01446313 11301783264886266692  60.000
312.81509328  44.24872043 55765.36179000  15.06004238   0.00513344 11301783264886266692  60.000
312.81509954  44.24864614 56166.27466000  15.08182026   0.00529451 11301783264886266692  60.000
312.81511860  44.24870386 55303.45934000  15.01185534   0.00657034 11301783264886266692  60.000
312.81509514  44.24869097 55303.41102000  15.02290939   0.00683436 11301783264886266692  60.000
312.81514171  44.24873139 55310.36995000  15.07458252   0.00730877 11301783264886266692  60.000
312.81512286  44.24868456 55635.47880000  15.30632250   0.01152594 11301783264886266692  60.000
312.81512568  44.24867910 55635.47679000  15.29839877   0.01377889 11301783264886266692  60.000
312.81518590  44.24870761 55905.12834000  15.26866617   0.01613366 11301783264886266692  60.000
312.81514187  44.24867600 56197.16709000  14.98195496   0.00623187 11301783264886266692  60.000
312.81514027  44.24866024 56197.12336000  14.97844608   0.00609335 11301783264886266692  60.000
312.81515087  44.24872688 56596.29068000  15.07245798   0.01407013 11301783264886266692  60.000
312.81509885  44.24867156 56596.08877000  15.07751551   0.00493694 11301783264886266692  60.000
312.81513712  44.24865852 56452.30238000  15.14080126   0.00683637 11301783264886266692  60.000
312.81515338  44.24865741 56452.26707000  15.14302278   0.00598755 11301783264886266692  60.000
312.81511520  44.24867381 55692.41789000  15.11787475   0.00561156 11301783264886266692  60.000
312.81510649  44.24869374 56603.19203000  15.17814909   0.00868298 11301783264886266692  60.000
312.81510385  44.24868640 56603.22843000  15.16553138   0.00781116 11301783264886266692  60.000
312.81511252  44.24870211 55497.14122000  15.37904871   0.00698469 11301783264886266692  60.000
312.81510312  44.24865833 56610.15469000  14.91908632   0.00650344 11301783264886266692  60.000
312.81513446  44.24867093 56610.12968000  14.92698168   0.00585922 11301783264886266692  60.000
312.81514323  44.24869141 56045.38749000  15.06428377   0.00777199 11301783264886266692  60.000
312.81509585  44.24868311 55345.46956000  15.08853761   0.00815399 11301783264886266692  60.000
312.81509485  44.24871592 55056.22052000  15.40563342   0.00680170 11301783264886266692  60.000
312.81510195  44.24876403 55056.29538000  15.40821901   0.00683962 11301783264886266692  60.000
312.81510666  44.24866826 56790.48258000  15.19568838   0.00845318 11301783264886266692  60.000
312.81511532  44.24866515 56790.44608000  15.20180325   0.00862584 11301783264886266692  60.000
312.81508873  44.24871983 55762.33281000  15.17412876   0.00572480 11301783264886266692  60.000
312.81510565  44.24868362 55444.43396000  14.87510577   0.00643585 11301783264886266692  60.000
312.81507415  44.24866962 55444.38985000  14.88220790   0.00595266 11301783264886266692  60.000
312.81514571  44.24867935 56002.49088000  15.20764538   0.00704557 11301783264886266692  60.000
312.81516264  44.24871334 55708.28497000  15.15437418   0.00634594 11301783264886266692  60.000
312.81513229  44.24866724 56009.51297000  15.10558324   0.00574749 11301783264886266692  60.000
312.81512771  44.24866186 56061.38126000  15.11032361   0.00573065 11301783264886266692  60.000
312.81507834  44.24868839 55674.48706000  15.11013767   0.00673510 11301783264886266692  60.000
312.81510247  44.24868030 55674.44304000  15.14067891   0.01721642 11301783264886266692  60.000
312.81517947  44.24872127 55983.53065000  15.35263142   0.00698418 11301783264886266692  60.000
312.81520941  44.24873201 56281.08642000  14.97886683   0.00930736 11301783264886266692  60.000
312.81515101  44.24866328 56196.18483000  15.00068459   0.00596866 11301783264886266692  60.000
312.81513584  44.24865603 56196.12103000  15.01238525   0.00625326 11301783264886266692  60.000
312.81511185  44.24869982 55545.11119000  15.04507906   0.01015961 11301783264886266692  60.000
312.81510145  44.24870992 55545.15541000  15.05690602   0.00869585 11301783264886266692  60.000
312.81511843  44.24870166 55724.27950000  15.02217395   0.00789070 11301783264886266692  60.000
312.81510977  44.24868662 55724.23484000  15.02716397   0.00768959 11301783264886266692  60.000
312.81509787  44.24864459 56839.46424000  15.31521906   0.00695754 11301783264886266692  60.000
312.81510952  44.24864575 56839.44913000  15.31200578   0.00622499 11301783264886266692  60.000
312.81514678  44.24867848 56271.07605000  14.90754760   0.00586429 11301783264886266692  60.000
312.81515860  44.24869608 56271.10501000  14.90291971   0.00747779 11301783264886266692  60.000
312.81517664  44.24867031 55889.07652000  15.21169983   0.00624675 11301783264886266692  60.000
312.81517815  44.24867357 55889.07766000  15.21049727   0.00683609 11301783264886266692  60.000
312.81508663  44.24872311 55441.43002000  14.96528586   0.00646837 11301783264886266692  60.000
312.81514003  44.24870455 56023.49179000  15.20291434   0.00984994 11301783264886266692  60.000
312.81513210  44.24867208 56058.44382000  15.00320739   0.00714530 11301783264886266692  60.000
312.81513638  44.24867455 56058.39528000  15.00747406   0.00752880 11301783264886266692  60.000
312.81511413  44.24864916 55794.47538000  15.42120867   0.16361959 11301783264886266692  60.000
312.81508361  44.24872333 55794.19448000  14.92183856   0.00819171 11301783264886266692  60.000
312.81517778  44.24871392 55899.08045000  15.18583892   0.00983853 11301783264886266692  60.000
312.81516095  44.24870650 55899.09510000  15.18249174   0.00890764 11301783264886266692  60.000
312.81512083  44.24865830 56736.48802000  15.17996487   0.01310280 11301783264886266692  60.000
312.81517988  44.24873265 56136.17227000  15.17820494   0.00957168 11301783264886266692  60.000
