2452130.51956 19.334 0.081 4.14 784.0
2452133.53366 19.369 0.097 4.52 784.0
2452136.65488 19.595 0.132 5.38 729.0
2452141.64562 19.391 0.134 5.69 992.0
2452165.56812 19.505 0.123 5.39 819.0
2452179.52546 19.329 0.110 5.08 1104.0
2452189.52047 19.283 0.135 6.27 1065.0
2452212.54610 19.170 0.113 5.02 1531.0
2452214.50340 19.458 0.196 5.91 1691.0
2452337.83284 19.130 0.077 3.66 1258.0
2452352.85032 19.309 0.084 4.11 905.0
2452373.79956 19.490 0.112 4.90 825.0
2452464.78183 19.379 0.082 3.79 820.0
2452708.91333 19.127 0.118 4.56 1998.0
2452850.64544 19.509 0.107 4.23 889.0
2452858.77275 19.437 0.138 4.62 1523.0
2453059.86145 19.250 0.079 4.19 809.0
2453064.87656 19.350 0.090 4.29 921.0
2453068.82996 19.199 0.083 4.26 963.0
2453071.88239 19.513 0.110 3.99 990.0
2453073.88767 19.389 0.086 3.74 983.0
2453075.90374 19.253 0.100 4.71 1036.0
2453080.81694 19.346 0.106 4.67 1058.0
2453083.76908 19.397 0.080 3.73 749.0
2453085.89141 19.290 0.070 4.17 689.0
2453087.79518 19.078 0.087 5.70 732.0
2453089.84273 19.254 0.063 4.08 712.0
2453091.89493 19.219 0.074 4.45 757.0
2453097.82326 19.440 0.093 4.28 797.0
2453099.90604 19.243 0.092 5.14 817.0
2453101.81120 19.318 0.094 4.43 984.0
2453102.90592 19.308 0.100 4.75 926.0
2453104.76620 19.182 0.222 4.21 7701.0
2453106.90375 19.310 0.111 4.40 1393.0
2453107.89426 19.285 0.077 4.38 761.0
2453109.83519 19.204 0.074 4.24 774.0
2453110.92485 19.164 0.092 5.04 969.0
2453112.90021 19.192 0.067 4.55 661.0
2453113.90791 19.293 0.074 4.48 688.0
2453114.83828 19.328 0.077 4.19 761.0
2453115.89871 19.289 0.074 4.04 770.0
2453116.87994 19.286 0.088 4.62 791.0
2453124.77568 19.469 0.154 6.73 861.0
2453126.71035 19.328 0.074 3.83 783.0
2453127.88885 19.180 0.076 4.07 827.0
2453128.87658 19.326 0.116 4.82 1120.0
2453130.75561 19.361 0.118 4.39 1290.0
2453131.72196 19.421 0.133 4.61 1304.0
2453137.77611 19.272 0.103 5.59 838.0
2453138.66169 19.219 0.097 5.11 845.0
2453139.94282 19.372 0.147 4.27 2249.0
2453142.82352 19.247 0.072 4.05 831.0
2453144.84060 19.487 0.094 4.26 761.0
2453146.90533 19.487 0.095 4.49 711.0
2453151.81468 19.374 0.114 6.04 691.0
2453152.81569 19.356 0.094 4.42 803.0
2453154.90191 19.452 0.156 6.02 995.0
2453156.87054 19.073 0.073 4.27 907.0
2453157.92799 19.436 0.122 5.03 987.0
2453162.85200 19.199 0.089 4.08 1162.0
2453163.81111 19.154 0.067 3.47 931.0
2453164.79985 19.172 0.069 3.92 771.0
2453165.71680 19.271 0.059 3.55 677.0
2453167.66223 19.369 0.118 6.20 712.0
2453168.86433 19.312 0.084 3.93 865.0
2453169.83524 19.415 0.113 5.29 815.0
2453170.64857 19.276 0.069 4.11 621.0
2453171.78664 19.089 0.054 3.41 722.0
2453171.91222 19.119 0.086 4.90 1011.0
2453172.81096 19.423 0.090 4.31 737.0
2453173.85498 19.455 0.129 5.60 798.0
2453174.76743 19.212 0.068 3.60 858.0
2453175.81644 19.215 0.086 4.56 852.0
2453175.87776 19.243 0.097 4.98 967.0
2453177.82448 19.427 0.127 5.59 905.0
2453179.56277 19.532 0.093 4.17 790.0
2453180.78256 19.350 0.077 4.26 614.0
2453182.84266 19.564 0.117 4.32 834.0
2453184.50128 19.038 0.079 4.86 971.0
2453184.62653 19.322 0.066 3.77 622.0
2453184.75666 19.303 0.080 4.17 752.0
2453184.85984 19.190 0.101 5.28 935.0
2453184.88424 19.364 0.166 6.75 1109.0
2453185.49608 19.201 0.107 4.74 1297.0
2453185.61220 19.374 0.082 3.76 878.0
2453185.68769 18.994 0.060 3.72 894.0
2453185.85172 19.549 0.117 4.23 985.0
2453191.80740 19.297 0.086 4.32 873.0
2453193.60649 19.306 0.064 3.48 642.0
2453194.55699 19.262 0.115 5.09 1162.0
2453194.79945 19.395 0.098 4.51 798.0
2453195.78272 19.240 0.064 3.54 762.0
2453196.75011 19.319 0.096 4.76 838.0
2453197.58073 19.156 0.073 4.34 713.0
2453199.68861 19.353 0.082 4.75 548.0
2453201.55110 19.303 0.089 5.34 715.0
2453202.67980 19.309 0.083 4.90 678.0
2453203.59563 19.313 0.058 3.34 615.0
2453204.63776 19.309 0.066 3.78 597.0
2453205.71879 19.263 0.061 3.89 567.0
2453210.51086 19.228 0.095 5.46 878.0
2453211.66600 19.601 0.145 6.43 595.0
2453217.70686 19.100 0.080 4.19 1156.0
2453223.70988 19.426 0.129 5.92 786.0
2453224.75443 19.292 0.110 5.43 954.0
2453226.68533 19.100 0.108 7.17 661.0
2453228.65579 19.559 0.126 5.61 637.0
2453230.72560 19.623 0.125 5.85 634.0
2453231.62898 18.909 0.109 7.69 783.0
2453232.66255 19.060 0.081 5.91 641.0
2453240.52642 19.361 0.091 4.53 795.0
2453241.70999 18.968 0.180 6.83 2548.0
2453247.50032 19.300 0.103 4.64 996.0
2453249.60666 19.423 0.126 5.51 825.0
2453254.59881 19.272 0.128 6.91 679.0
2453257.51188 19.337 0.073 4.48 632.0
2453260.54807 19.411 0.150 6.78 778.0
2453265.53354 19.162 0.100 6.06 736.0
2453267.58422 19.413 0.100 4.37 911.0
2453274.54105 19.333 0.128 6.04 914.0
2453277.55616 19.486 0.128 5.28 876.0
2453280.55858 19.126 0.092 6.64 467.0
2453282.54205 19.324 0.077 4.33 556.0
2453289.51599 19.014 0.108 6.89 744.0
2453294.50702 19.265 0.116 6.26 606.0
2453296.54668 19.626 0.094 5.16 372.0
2453423.87809 19.471 0.083 4.33 589.0
2453427.87631 19.304 0.076 3.83 797.0
2453429.90453 19.575 0.146 5.20 1034.0
2453436.86407 19.070 0.092 6.43 670.0
2453443.81686 19.178 0.061 3.94 663.0
2453445.85990 19.164 0.058 3.75 629.0
2453447.90836 19.323 0.088 4.51 748.0
2453450.78795 19.363 0.073 4.17 592.0
2453453.82774 19.350 0.090 4.12 896.0
2453455.89334 19.507 0.117 4.63 950.0
2453456.91761 19.101 0.076 4.32 1044.0
2453457.89067 19.395 0.082 4.08 744.0
2453459.88157 19.412 0.089 3.97 885.0
2453468.93195 19.226 0.151 4.20 3021.0
2453470.92305 19.212 0.077 3.99 840.0
2453472.85240 19.211 0.064 4.03 620.0
2453473.91448 19.387 0.102 5.01 687.0
2453474.92087 19.549 0.109 4.68 704.0
2453475.91200 19.483 0.077 3.62 644.0
2453477.93186 19.500 0.157 4.47 1642.0
2453479.79834 19.135 0.051 3.75 533.0
2453482.93450 19.555 0.133 4.15 1352.0
2453496.78608 19.249 0.087 4.69 827.0
2453497.88736 19.170 0.081 4.74 814.0
2453499.85005 19.099 0.053 3.61 612.0
2453500.86746 19.312 0.080 4.08 721.0
2453502.68487 19.254 0.068 3.80 714.0
2453503.83591 19.179 0.065 3.83 650.0
2453506.79805 19.115 0.075 5.14 649.0
2453508.89951 19.151 0.104 5.89 861.0
2453509.69766 18.962 0.063 4.99 654.0
2453511.87680 19.485 0.088 3.50 902.0
2453512.89183 19.575 0.122 4.10 1075.0
2453517.77417 19.115 0.091 4.86 1177.0
2453520.88581 19.407 0.105 4.54 861.0
2453521.70154 19.231 0.068 3.86 735.0
2453522.80714 19.221 0.083 4.60 693.0
2453523.84134 19.442 0.094 4.42 711.0
2453525.91682 19.142 0.081 4.44 908.0
2453528.62014 19.513 0.095 4.40 633.0
2453530.83982 19.397 0.064 3.44 607.0
2453538.73332 19.147 0.066 4.22 720.0
2453540.78964 19.434 0.089 3.96 874.0
2453544.80452 19.156 0.097 4.53 1251.0
2453550.81638 18.966 0.062 4.36 789.0
2453551.80774 19.532 0.108 5.12 621.0
2453552.82683 19.144 0.086 5.20 749.0
2453554.83209 19.551 0.157 6.33 779.0
2453555.82220 19.324 0.117 5.96 779.0
2453556.73058 19.288 0.100 5.91 582.0
2453558.61460 19.410 0.099 4.95 617.0
2453559.62299 19.458 0.082 4.22 572.0
2453560.66490 19.208 0.055 3.27 553.0
2453561.60080 19.346 0.080 3.91 689.0
2453562.65397 19.245 0.064 3.99 620.0
2453563.70552 19.620 0.109 4.83 589.0
2453564.53993 18.985 0.094 6.28 826.0
2453569.64598 18.995 0.133 5.33 2270.0
2453574.74952 19.353 0.103 4.68 898.0
2453575.69134 19.574 0.087 3.72 668.0
2453576.75777 19.068 0.071 4.97 696.0
2453577.79571 18.999 0.070 5.35 649.0
2453578.73239 19.296 0.078 4.85 550.0
2453579.67774 19.228 0.066 4.35 545.0
2453580.71735 19.298 0.113 5.99 705.0
2453581.73053 19.524 0.104 5.14 588.0
2453582.67951 19.255 0.063 3.71 583.0
2453583.69762 19.433 0.109 5.32 623.0
2453585.69982 19.105 0.057 4.53 472.0
2453588.77625 19.524 0.120 5.62 688.0
2453589.74356 19.239 0.096 5.80 676.0
2453590.73982 19.026 0.071 4.60 762.0
2453591.71496 19.309 0.070 3.88 594.0
2453592.74818 19.274 0.087 4.94 704.0
2453601.71603 18.962 0.084 5.18 1142.0
2453602.71647 19.298 0.120 5.29 1207.0
2453603.71145 19.321 0.109 5.63 791.0
2453607.69525 19.318 0.108 6.12 654.0
2453609.52305 19.230 0.086 5.26 575.0
2453615.64176 19.281 0.082 4.90 603.0
2453619.60398 19.461 0.088 4.28 669.0
2453621.63284 19.093 0.076 5.59 600.0
2453628.67082 19.448 0.177 6.27 1401.0
2453629.52907 19.097 0.062 3.73 869.0
2453633.55637 19.094 0.107 6.33 850.0
2453634.63544 19.008 0.111 7.47 780.0
2453639.50612 19.219 0.057 3.10 695.0
2453644.59278 19.221 0.086 5.09 776.0
2453649.56619 19.420 0.107 5.32 677.0
2453652.54339 19.285 0.142 4.94 1661.0
2453655.57925 19.624 0.163 5.70 1065.0
2453668.54181 19.521 0.157 6.49 900.0
2453676.52077 19.085 0.109 6.17 1124.0
2453777.88116 19.232 0.082 4.31 927.0
2453783.86746 19.224 0.068 3.50 907.0
2453785.88300 19.379 0.097 4.27 913.0
2453788.88733 19.220 0.104 3.54 1618.0
2453791.89910 19.625 0.158 4.64 1390.0
2453794.87666 19.260 0.076 4.39 720.0
2453796.86842 19.423 0.093 4.51 753.0
2453797.86807 19.256 0.075 4.26 848.0
2453800.84915 19.350 0.106 5.30 782.0
2453802.79608 19.128 0.066 4.01 796.0
2453803.82864 19.374 0.091 4.08 952.0
2453804.87584 19.266 0.089 5.40 642.0
2453806.88831 19.306 0.079 4.66 701.0
2453808.87333 19.292 0.082 4.32 907.0
2453810.78934 19.394 0.099 4.12 1095.0
2453812.77547 19.422 0.141 5.80 1034.0
2453818.83131 19.280 0.075 3.83 901.0
2453819.89072 19.179 0.060 3.92 688.0
2453820.88296 19.081 0.058 4.14 718.0
2453821.89433 19.388 0.082 3.95 700.0
2453822.90622 19.160 0.056 3.47 714.0
2453824.90122 19.157 0.088 5.20 772.0
2453825.89331 19.224 0.072 4.27 738.0
2453827.89244 19.440 0.072 3.75 660.0
2453828.90455 19.034 0.078 5.17 726.0
2453829.89127 19.345 0.074 4.05 691.0
2453830.86408 19.521 0.100 4.29 774.0
2453832.89468 19.158 0.078 4.94 700.0
2453833.88018 19.341 0.077 3.93 756.0
2453834.80826 19.222 0.065 3.95 691.0
2453835.86068 19.342 0.063 3.48 644.0
2453836.87015 19.371 0.085 4.16 804.0
2453837.84890 19.412 0.093 4.29 842.0
2453838.85305 19.445 0.106 4.51 882.0
2453839.87212 19.386 0.134 5.71 998.0
2453840.85614 19.349 0.079 3.65 939.0
2453841.83939 19.127 0.071 3.87 1046.0
2453842.75332 19.491 0.150 3.55 2558.0
2453842.90216 19.080 0.141 3.54 4303.0
2453845.84260 18.809 0.063 4.69 835.0
2453846.84776 19.244 0.071 3.94 757.0
2453847.88967 19.301 0.094 4.42 851.0
2453848.86332 19.235 0.071 3.81 771.0
2453849.89170 19.396 0.094 4.23 746.0
2453851.81891 19.220 0.087 4.86 713.0
2453852.81100 19.213 0.066 3.72 695.0
2453853.80027 19.230 0.056 3.56 625.0
2453856.78894 19.262 0.085 4.28 800.0
2453859.88270 19.059 0.122 6.57 779.0
2453860.84434 19.372 0.114 5.43 818.0
2453861.85961 19.311 0.078 4.24 745.0
2453862.80558 19.385 0.069 3.21 792.0
2453863.78103 19.436 0.082 3.91 747.0
2453864.80395 19.480 0.072 3.28 682.0
2453865.76725 19.324 0.089 4.45 787.0
2453866.73238 19.306 0.074 3.56 754.0
2453867.73974 19.243 0.087 4.04 986.0
2453868.73514 19.360 0.105 3.88 1141.0
2453869.71683 19.339 0.114 4.39 1312.0
2453873.72034 19.127 0.066 3.85 789.0
2453874.76707 19.431 0.094 4.27 720.0
2453875.74890 19.136 0.054 3.41 662.0
2453877.70868 19.285 0.060 3.53 611.0
2453880.77545 19.272 0.070 4.06 677.0
2453881.78405 19.503 0.086 3.71 742.0
2453882.71895 19.488 0.091 4.24 664.0
2453883.77075 19.268 0.074 4.12 662.0
2453886.73144 19.375 0.089 4.88 661.0
2453887.71408 19.332 0.072 4.14 615.0
2453889.87582 19.394 0.080 3.56 867.0
2453891.60744 19.494 0.116 5.33 731.0
2453892.74270 19.403 0.090 4.65 683.0
2453893.77374 19.152 0.098 5.78 759.0
2453894.81094 19.402 0.121 5.85 745.0
2453896.75824 19.316 0.101 4.62 1080.0
2453900.65809 19.531 0.158 4.40 2016.0
2453901.66363 19.190 0.086 4.95 788.0
2453902.68116 19.196 0.074 4.32 761.0
2453903.81844 19.546 0.112 4.81 746.0
2453904.66100 19.291 0.063 3.51 694.0
2453905.67169 19.219 0.064 3.72 652.0
2453906.64951 19.401 0.084 3.69 752.0
2453908.65548 19.228 0.058 3.23 733.0
2453908.68702 19.473 0.078 3.57 733.0
2453909.65358 19.108 0.055 4.01 581.0
2453912.65763 19.356 0.058 3.31 613.0
2453913.65782 19.373 0.066 3.75 597.0
2453914.69588 19.519 0.084 4.13 591.0
2453915.65471 19.210 0.069 4.44 593.0
2453916.73646 19.184 0.094 5.83 691.0
2453917.75363 19.459 0.106 5.06 719.0
2453918.75393 19.045 0.060 4.37 639.0
2453919.68388 19.311 0.066 3.99 634.0
2453920.63778 19.108 0.079 5.05 636.0
2453920.67369 19.517 0.119 5.22 656.0
2453920.78570 19.282 0.068 3.66 696.0
2453921.64622 19.260 0.101 5.10 753.0
2453930.70789 19.289 0.085 4.88 708.0
2453931.62407 19.290 0.089 4.46 816.0
2453932.58252 19.580 0.098 3.98 785.0
2453933.47216 19.129 0.082 4.44 924.0
2453933.50127 19.250 0.081 4.25 880.0
2453933.53314 19.155 0.065 3.65 788.0
2453933.55914 19.186 0.062 3.71 744.0
2453933.59394 19.283 0.064 3.59 671.0
2453933.63478 19.283 0.054 3.24 600.0
2453933.69128 19.248 0.070 4.20 624.0
2453933.74058 19.106 0.061 3.79 771.0
2453933.78990 19.297 0.085 4.37 799.0
2453933.81608 19.371 0.149 6.47 979.0
2453934.45796 19.162 0.229 5.17 5246.0
2453934.53009 19.137 0.076 4.39 810.0
2453934.60182 19.333 0.070 3.48 702.0
2453934.80321 19.278 0.081 4.44 730.0
2453935.51084 19.353 0.112 5.58 743.0
2453935.58284 19.479 0.087 4.13 635.0
2453935.77689 19.595 0.109 4.78 688.0
2453936.46133 19.189 0.181 5.03 2983.0
2453936.56791 19.453 0.085 3.80 717.0
2453936.70323 19.150 0.069 4.10 694.0
2453936.78128 19.396 0.120 5.14 851.0
2453937.46749 19.163 0.130 5.50 1329.0
2453937.64661 19.469 0.094 4.37 707.0
2453938.61214 19.269 0.070 4.18 631.0
2453938.71329 19.388 0.092 4.79 620.0
2453939.53356 19.332 0.078 4.11 748.0
2453940.56735 19.178 0.064 3.95 734.0
2453940.60620 19.194 0.058 3.81 621.0
2453940.75291 19.419 0.072 3.88 586.0
2453941.64262 19.190 0.104 6.65 621.0
2453942.50666 19.155 0.108 6.93 719.0
2453944.48814 19.122 0.072 5.05 699.0
2453944.70793 19.114 0.062 4.75 535.0
2453945.47343 19.258 0.090 4.68 906.0
2453945.59558 19.206 0.078 4.74 738.0
2453945.67846 19.266 0.072 4.11 666.0
2453945.76742 19.368 0.110 5.72 717.0
2453946.47999 19.232 0.092 5.02 791.0
2453946.64001 19.057 0.065 4.92 615.0
2453946.78497 19.118 0.085 6.28 640.0
2453950.47870 19.148 0.080 4.95 761.0
2453950.49331 19.351 0.092 4.63 769.0
2453950.53847 19.507 0.095 4.49 623.0
2453950.58944 19.519 0.089 4.36 636.0
2453950.62580 19.269 0.066 3.99 609.0
2453950.65664 19.338 0.070 3.79 657.0
2453950.69132 19.505 0.083 4.02 617.0
2453950.71185 19.262 0.081 4.89 625.0
2453950.72623 19.417 0.093 4.86 623.0
2453950.74846 19.250 0.089 5.19 692.0
2453950.77531 19.503 0.121 5.53 721.0
2453950.79092 19.227 0.109 6.46 726.0
2453951.47423 19.124 0.085 4.75 904.0
2453951.56645 19.227 0.086 4.74 729.0
2453951.71388 19.330 0.099 4.94 834.0
2453957.66048 19.258 0.107 5.28 936.0
2453959.62723 19.272 0.078 4.32 722.0
2453960.61836 19.477 0.072 3.44 641.0
2453963.62378 19.289 0.072 4.17 635.0
2453964.65602 19.283 0.077 4.64 611.0
2453965.47352 19.313 0.100 4.73 872.0
2453965.50199 19.401 0.076 3.71 667.0
2453965.53069 19.218 0.061 3.65 637.0
2453965.56336 19.085 0.063 4.35 586.0
2453965.63474 19.247 0.063 3.83 631.0
2453965.66603 19.154 0.055 3.75 598.0
2453965.69331 19.115 0.066 4.70 627.0
2453965.71147 19.344 0.082 4.80 647.0
2453966.62927 19.281 0.083 4.85 664.0
2453967.65268 19.491 0.131 6.29 591.0
2453968.61214 19.547 0.109 4.69 651.0
2453969.62262 19.149 0.069 4.43 623.0
2453970.62942 19.189 0.091 5.68 594.0
2453971.66071 19.432 0.098 4.89 633.0
2453973.68896 19.555 0.115 5.93 637.0
2453974.62653 19.342 0.089 5.05 611.0
2453975.61903 19.246 0.073 4.58 653.0
2453976.61299 19.229 0.078 4.80 719.0
2453979.64821 19.189 0.137 6.81 1032.0
2453982.67023 19.377 0.171 5.56 1929.0
2453986.66150 19.071 0.109 6.64 1014.0
2453987.61027 19.315 0.089 4.89 844.0
2453988.64244 19.604 0.130 5.43 785.0
2453989.56059 19.442 0.114 5.30 734.0
2453991.56196 19.438 0.102 5.18 705.0
2453995.50978 19.273 0.077 4.53 707.0
2454001.58014 19.485 0.102 4.18 798.0
2454002.61577 19.250 0.074 4.57 702.0
2454003.57019 19.204 0.061 3.64 751.0
2454011.55356 19.394 0.121 5.57 882.0
2454015.58250 19.122 0.117 5.95 1179.0
2454017.55621 19.414 0.112 4.55 1037.0
2454019.55757 19.498 0.135 5.36 917.0
2454021.58049 19.509 0.151 6.03 1072.0
2454025.49874 19.058 0.071 4.43 927.0
2454027.50648 18.940 0.084 5.74 868.0
2454029.54802 19.537 0.145 5.55 901.0
2454151.87195 19.240 0.093 5.07 872.0
2454153.89388 19.365 0.102 4.38 1069.0
2454156.87227 19.335 0.109 4.94 880.0
2454161.85985 19.243 0.116 5.38 1168.0
2454163.84269 19.143 0.087 4.13 1400.0
2454165.82273 19.367 0.154 5.49 1475.0
2454165.88640 19.216 0.129 5.37 1611.0
2454166.82743 19.118 0.142 6.46 1481.0
2454166.86214 19.459 0.157 5.59 1308.0
2454167.84093 19.229 0.128 5.90 1195.0
2454168.82130 19.380 0.117 4.17 1265.0
2454170.81492 19.397 0.122 4.55 1234.0
2454175.80381 19.272 0.092 4.70 834.0
2454177.78947 19.394 0.094 4.56 792.0
2454178.82327 19.126 0.077 4.54 836.0
2454179.86319 19.276 0.090 4.23 883.0
2454181.79963 19.204 0.094 5.38 819.0
2454182.84816 19.248 0.073 3.92 775.0
2454183.88072 19.331 0.098 4.78 869.0
2454185.75695 19.423 0.118 5.38 848.0
2454189.87590 19.376 0.117 5.33 822.0
2454191.84365 19.477 0.167 6.51 1003.0
2454193.77227 19.368 0.149 5.81 1250.0
2454194.80159 19.350 0.099 4.51 959.0
2454196.79163 19.424 0.107 4.52 1044.0
2454202.77320 19.182 0.073 4.06 902.0
2454203.76122 19.321 0.080 4.26 767.0
2454204.75352 19.320 0.107 5.21 909.0
2454205.75004 19.259 0.080 4.74 701.0
2454205.92900 19.455 0.138 4.13 1779.0
2454207.73951 19.591 0.131 5.08 891.0
2454208.76159 19.151 0.073 4.08 790.0
2454211.80819 19.320 0.105 5.29 773.0
2454213.72615 19.382 0.107 5.30 775.0
2454213.92971 19.550 0.116 3.90 1174.0
2454215.75879 19.291 0.101 5.21 815.0
2454216.71658 19.323 0.094 4.78 868.0
2454217.72407 19.186 0.080 4.49 866.0
2454217.93352 19.127 0.096 3.37 2099.0
2454218.77369 19.431 0.130 5.82 842.0
2454219.77732 19.541 0.135 5.43 833.0
2454220.72215 19.276 0.099 5.01 928.0
2454222.68805 19.384 0.139 5.58 1249.0
2454224.79875 19.354 0.093 3.74 1195.0
2454228.69421 19.299 0.100 4.13 1272.0
2454228.92778 19.191 0.104 4.69 1218.0
2454229.68790 19.336 0.139 6.41 967.0
2454229.88486 19.340 0.091 3.87 1012.0
2454230.69761 19.419 0.097 4.30 779.0
2454230.88568 19.525 0.118 4.28 986.0
2454231.63997 19.413 0.120 5.48 944.0
2454231.78415 19.192 0.082 4.38 947.0
2454231.90834 19.341 0.108 4.74 1007.0
2454232.69203 19.196 0.119 6.09 1032.0
2454232.85304 19.476 0.148 5.64 1012.0
2454233.83292 19.368 0.163 6.69 1027.0
2454234.72819 19.375 0.106 4.99 913.0
2454235.65350 19.498 0.120 4.93 997.0
2454235.81476 19.290 0.071 3.48 816.0
2454235.90713 19.401 0.104 4.52 909.0
2454238.67759 19.149 0.111 6.07 943.0
2454238.89183 19.279 0.094 3.95 1153.0
2454239.65420 19.554 0.129 5.36 833.0
2454240.69356 19.320 0.082 4.33 803.0
2454240.83645 19.479 0.119 4.70 926.0
2454243.65941 19.212 0.097 5.25 876.0
2454243.75208 19.259 0.103 5.27 866.0
2454243.84581 19.514 0.135 5.37 872.0
2454244.63169 19.144 0.114 6.17 980.0
2454244.72810 19.276 0.092 4.75 863.0
2454244.82077 19.354 0.092 4.07 913.0
2454245.62480 19.192 0.084 5.09 752.0
2454245.71875 19.296 0.083 4.55 712.0
2454245.81458 19.528 0.091 3.74 735.0
2454246.68313 19.373 0.098 4.64 864.0
2454246.77599 19.369 0.092 4.31 833.0
2454246.86933 19.351 0.085 3.67 1014.0
2454247.69838 19.542 0.110 4.39 863.0
2454250.74655 19.303 0.093 4.03 1102.0
2454256.63424 19.386 0.144 6.19 1013.0
2454256.78029 19.534 0.154 5.52 1037.0
2454258.64858 19.276 0.104 5.44 866.0
2454258.77109 19.422 0.108 4.58 920.0
2454258.86520 19.249 0.116 5.50 1051.0
2454267.60923 19.176 0.089 5.14 875.0
2454268.85536 19.319 0.096 4.21 1005.0
2454269.59165 19.253 0.079 4.30 834.0
2454269.71219 19.257 0.087 4.86 729.0
2454270.58520 19.355 0.100 4.64 932.0
2454272.61354 19.039 0.069 4.32 928.0
2454272.76270 19.373 0.089 4.25 855.0
2454272.83437 19.158 0.078 3.92 1009.0
2454273.63065 19.276 0.106 5.24 928.0
2454273.81132 19.438 0.109 4.10 1140.0
2454273.87247 19.589 0.195 5.99 1390.0
2454274.56335 19.269 0.143 6.36 1170.0
2454274.71724 19.393 0.121 5.30 960.0
2454274.77820 19.171 0.082 4.16 992.0
2454274.83662 19.149 0.097 5.02 1072.0
2454275.61576 19.512 0.108 4.44 980.0
2454275.79112 19.245 0.107 4.91 1136.0
2454276.60060 19.224 0.111 5.57 964.0
2454277.54436 19.320 0.132 5.57 1220.0
2454277.72134 19.363 0.102 4.66 932.0
2454277.77998 19.352 0.148 6.36 991.0
2454278.58923 19.212 0.116 5.64 1084.0
2454278.76539 19.382 0.150 6.26 1078.0
2454283.52384 19.253 0.117 4.54 1500.0
2454284.51874 19.044 0.105 5.45 1168.0
2454284.70932 19.197 0.086 3.99 1087.0
2454284.77165 19.258 0.097 3.86 1174.0
2454284.83650 19.403 0.143 4.39 1524.0
2454285.52188 19.183 0.109 4.81 1177.0
2454285.71531 19.395 0.112 4.56 911.0
2454285.77641 19.291 0.096 4.42 916.0
2454285.84171 19.137 0.098 4.60 1164.0
2454286.52154 19.318 0.129 5.05 1339.0
2454286.82650 19.276 0.141 4.68 2167.0
2454289.52936 19.278 0.111 5.09 1037.0
2454289.74788 19.367 0.107 5.01 845.0
2454289.81301 19.532 0.150 5.63 990.0
2454290.57563 19.368 0.133 6.53 789.0
2454291.63828 19.373 0.093 4.84 785.0
2454292.50390 19.345 0.089 4.13 980.0
2454292.68311 19.397 0.088 3.95 842.0
2454292.74174 19.406 0.081 3.72 809.0
2454292.80024 19.344 0.093 4.41 893.0
2454293.50428 19.037 0.078 4.81 882.0
2454293.72888 19.183 0.072 4.11 735.0
2454293.78765 19.501 0.124 5.30 849.0
2454294.50346 19.214 0.091 4.54 1046.0
2454295.51055 19.327 0.097 5.08 815.0
2454295.70860 19.216 0.074 4.55 640.0
2454295.76721 19.411 0.092 4.78 671.0
2454296.50756 19.173 0.099 5.29 880.0
2454296.70873 19.146 0.069 4.56 665.0
2454297.52718 19.167 0.086 4.83 802.0
2454297.72876 19.190 0.079 4.76 681.0
2454298.56203 19.297 0.095 4.82 723.0
2454298.66774 19.322 0.093 4.92 663.0
2454299.54505 19.278 0.072 3.99 746.0
2454299.63853 19.373 0.085 4.35 673.0
2454299.73026 19.362 0.078 4.09 650.0
2454300.54074 19.328 0.090 4.44 768.0
2454300.66081 19.347 0.095 5.17 677.0
2454300.75631 19.338 0.089 4.13 790.0
2454301.53161 19.389 0.092 4.28 929.0
2454301.62734 19.317 0.079 3.83 794.0
2454301.73000 19.455 0.106 4.81 752.0
2454302.60461 19.323 0.114 5.31 763.0
2454302.70474 19.368 0.096 4.70 701.0
2454303.69060 19.470 0.130 5.92 713.0
2454304.56471 19.449 0.156 5.79 1174.0
2454306.64866 19.301 0.100 4.82 924.0
2454306.70931 19.514 0.135 5.52 919.0
2454307.55725 19.350 0.088 3.51 1115.0
2454310.62802 19.054 0.115 4.94 1644.0
2454312.56022 19.414 0.136 4.76 1362.0
2454312.75864 19.221 0.094 4.61 1041.0
2454315.65122 19.163 0.108 5.85 964.0
2454316.72438 19.416 0.115 4.99 918.0
2454317.57245 19.355 0.089 4.32 750.0
2454319.52973 19.160 0.085 4.85 844.0
2454319.78454 19.357 0.130 6.27 938.0
2454320.55651 19.389 0.095 4.30 757.0
2454326.52377 19.274 0.082 4.33 804.0
2454326.72097 19.478 0.146 6.24 786.0
2454327.60311 19.491 0.126 5.35 789.0
2454328.52990 19.286 0.125 5.93 904.0
2454328.70793 19.390 0.106 4.28 961.0
2454329.53893 19.544 0.137 5.30 795.0
2454329.68686 19.280 0.111 5.66 812.0
2454330.51078 19.229 0.078 4.27 798.0
2454330.70588 19.212 0.094 5.03 843.0
2454331.49092 19.207 0.100 5.32 918.0
2454331.69979 19.383 0.140 6.66 772.0
2454332.52072 19.264 0.083 4.43 841.0
2454333.54221 19.433 0.118 4.68 979.0
2454334.51522 19.518 0.157 5.66 1093.0
2454334.64341 18.960 0.134 5.06 2866.0
2454338.51506 19.500 0.136 4.20 1357.0
2454339.49237 19.378 0.117 4.24 1324.0
2454339.70882 19.053 0.102 5.17 1397.0
2454340.61267 19.222 0.118 5.28 1150.0
2454341.51568 19.063 0.104 5.46 1067.0
2454342.54489 19.277 0.096 4.35 922.0
2454343.52371 19.392 0.079 3.41 879.0
2454344.55201 19.189 0.109 5.35 954.0
2454345.51714 19.329 0.083 3.78 910.0
2454346.52981 19.562 0.165 6.19 951.0
2454347.54453 19.364 0.096 4.30 815.0
2454349.50618 19.227 0.095 4.94 812.0
2454350.55280 19.459 0.097 3.96 833.0
2454351.51870 19.156 0.078 4.31 818.0
2454353.52261 19.224 0.079 3.97 922.0
2454354.55132 19.342 0.096 4.56 856.0
2454355.55544 19.384 0.107 4.75 892.0
2454356.51932 19.259 0.109 5.24 848.0
2454357.54843 19.351 0.120 5.64 889.0
2454358.51140 19.337 0.134 5.92 917.0
2454359.54895 19.394 0.121 5.62 861.0
2454360.57832 19.218 0.099 5.04 858.0
2454361.58178 19.451 0.160 6.07 1002.0
2454365.57438 19.181 0.107 4.79 1294.0
2454367.50766 19.441 0.115 4.09 1194.0
2454368.54403 19.390 0.127 4.96 1121.0
2454370.50809 19.276 0.110 4.63 1122.0
2454371.54653 19.392 0.087 3.40 1077.0
2454372.53225 19.469 0.094 3.96 805.0
2454373.51842 19.110 0.092 4.82 984.0
2454377.49661 19.170 0.083 4.40 949.0
2454377.62035 19.079 0.123 6.78 1043.0
2454378.53093 19.327 0.103 4.71 853.0
2454379.54598 19.314 0.146 6.38 934.0
2454380.55745 19.537 0.125 4.79 914.0
2454381.53614 19.409 0.152 5.63 1153.0
2454382.57870 19.212 0.120 5.79 1051.0
2454383.56924 19.373 0.121 4.93 1152.0
2454384.54341 19.620 0.147 4.92 914.0
2454388.51331 19.295 0.138 6.12 967.0
2454393.54322 19.136 0.090 4.37 1197.0
2454394.55856 19.019 0.099 4.86 1272.0
2454395.52999 18.922 0.088 4.81 1169.0
2454396.52204 18.985 0.110 5.39 1445.0
2454397.54629 19.238 0.111 4.38 1499.0
2454398.55121 19.397 0.120 4.09 1491.0
2454399.54389 19.467 0.154 4.95 1391.0
2454400.54596 19.108 0.138 6.04 1702.0
2454403.56148 19.444 0.208 6.98 1234.0
2454507.87589 19.588 0.154 5.37 1047.0
2454510.87270 19.464 0.112 4.62 972.0
2454513.87385 19.211 0.077 4.33 906.0
2454517.87296 19.174 0.119 5.43 1261.0
2454519.89395 19.221 0.091 4.49 1054.0
2454522.88786 19.041 0.092 5.64 964.0
2454524.82368 19.358 0.117 4.95 1209.0
2454530.83129 19.304 0.074 3.75 840.0
2454535.84993 19.261 0.104 5.48 831.0
2454536.90759 19.400 0.109 4.64 1071.0
2454537.89322 19.270 0.071 4.32 669.0
2454538.82831 19.228 0.089 4.69 865.0
2454540.81258 19.120 0.067 4.09 833.0
2454541.80529 19.325 0.075 4.08 750.0
2454542.79999 19.545 0.129 5.36 806.0
2454543.79554 19.483 0.106 4.69 856.0
2454544.79236 19.221 0.093 4.84 991.0
2454545.79877 19.455 0.111 4.46 1012.0
2454546.80583 19.534 0.110 3.92 1001.0
2454547.79983 19.111 0.079 4.38 1081.0
2454548.81077 19.359 0.107 4.82 1027.0
2454550.75383 19.390 0.138 5.90 1045.0
2454551.77700 19.549 0.119 4.36 1009.0
2454552.77296 19.254 0.157 6.50 1390.0
2454556.76909 19.595 0.120 5.16 730.0
2454557.78626 19.448 0.094 4.53 729.0
2454558.76323 19.315 0.076 4.42 725.0
2454559.76118 19.537 0.108 5.10 661.0
2454560.76134 19.581 0.120 5.25 654.0
2454561.75137 19.405 0.088 4.31 751.0
2454564.74151 19.175 0.085 5.59 673.0
2454565.73955 19.203 0.063 4.06 704.0
2454566.73912 19.309 0.075 3.88 722.0
2454567.73212 19.318 0.085 4.65 752.0
2454568.74064 19.160 0.078 4.65 792.0
2454569.74977 19.255 0.083 4.90 709.0
2454570.74043 19.502 0.137 6.14 767.0
2454571.73506 19.316 0.113 5.69 856.0
2454571.92358 19.542 0.122 4.82 985.0
2454572.76256 19.166 0.074 4.57 844.0
2454573.75095 19.355 0.100 5.17 894.0
2454573.91725 19.275 0.076 4.45 741.0
2454574.75330 19.628 0.157 5.53 937.0
2454575.76241 19.065 0.078 4.61 957.0
2454575.91928 19.308 0.098 4.41 1174.0
2454576.76889 19.347 0.088 3.94 1092.0
2454577.85060 19.067 0.081 4.52 990.0
2454578.80165 18.972 0.087 5.48 982.0
2454579.83322 19.406 0.107 4.60 1052.0
2454579.87875 19.076 0.097 5.05 1257.0
2454583.74539 19.268 0.118 4.99 1357.0
2454583.75713 19.252 0.111 4.69 1385.0
2454583.77178 19.486 0.135 4.58 1372.0
2454583.82889 19.092 0.077 4.54 920.0
2454583.86435 19.278 0.082 4.37 811.0
2454583.89597 19.261 0.088 5.08 788.0
2454583.92383 19.354 0.094 4.48 939.0
2454585.69006 19.278 0.111 5.94 787.0
2454586.73147 19.235 0.118 6.46 782.0
2454586.79876 19.266 0.114 6.09 785.0
2454587.78204 18.830 0.069 5.65 789.0
2454588.70517 19.401 0.139 6.93 816.0
2454589.68743 19.143 0.087 5.12 820.0
2454589.84283 19.465 0.119 4.96 766.0
2454589.90481 19.296 0.110 5.28 830.0
2454590.71318 19.460 0.099 4.40 834.0
2454590.91481 19.281 0.095 4.45 1007.0
2454591.71867 19.243 0.086 4.54 932.0
2454591.84417 19.304 0.085 4.32 868.0
2454591.91071 19.198 0.087 4.21 1010.0
2454592.67736 19.389 0.108 4.62 1107.0
2454592.86662 19.025 0.083 4.85 1132.0
2454593.66644 19.357 0.110 5.32 838.0
2454593.87618 19.230 0.092 5.00 929.0
2454594.68748 19.367 0.096 4.82 777.0
2454594.88252 19.173 0.083 4.80 887.0
2454595.67705 19.285 0.088 4.74 779.0
2454595.87143 19.320 0.091 4.95 767.0
2454595.93331 19.328 0.124 5.84 924.0
2454596.67221 19.215 0.090 5.28 773.0
2454597.69665 19.526 0.111 5.14 741.0
2454597.88820 19.345 0.097 4.89 845.0
2454598.67293 19.128 0.063 4.59 639.0
2454599.64545 19.074 0.082 4.95 835.0
2454600.65468 19.450 0.091 4.62 721.0
2454600.86344 19.454 0.095 4.21 870.0
2454601.66027 19.343 0.084 4.15 853.0
2454601.87653 19.306 0.074 3.99 707.0
2454602.65291 19.204 0.078 4.39 904.0
2454602.86231 19.543 0.098 4.10 789.0
2454603.89545 19.371 0.100 4.98 763.0
2454606.65420 19.272 0.097 4.86 1265.0
2454606.91252 19.315 0.103 3.93 1411.0
2454610.75036 19.372 0.165 3.90 3616.0
2454611.63968 19.383 0.113 4.80 955.0
2454611.83052 19.154 0.073 4.02 985.0
2454612.66107 19.118 0.088 4.73 1000.0
2454615.80282 19.542 0.125 5.22 835.0
2454616.61497 19.119 0.084 5.08 881.0
2454616.82836 19.426 0.099 4.98 759.0
2454616.91128 19.392 0.121 5.15 1054.0
2454617.68632 19.306 0.075 4.13 761.0
2454618.62362 19.263 0.097 5.57 794.0
2454621.93718 19.199 0.084 4.35 1048.0
2454622.82201 19.397 0.118 5.70 835.0
2454622.93943 19.571 0.164 5.48 1180.0
2454623.67939 19.348 0.121 6.09 738.0
2454623.88116 19.113 0.120 6.37 1077.0
2454624.60113 19.213 0.102 5.21 970.0
2454624.82528 19.024 0.080 5.27 784.0
2454624.89160 19.592 0.137 5.33 851.0
2454625.61525 19.351 0.117 5.78 802.0
2454625.92351 19.097 0.107 6.03 971.0
2454626.61377 19.461 0.135 6.26 736.0
2454626.89350 19.239 0.126 6.53 835.0
2454627.57419 19.397 0.099 4.52 878.0
2454627.86349 19.485 0.087 4.06 673.0
2454627.93075 19.169 0.081 4.84 785.0
2454628.56151 19.168 0.090 4.96 931.0
2454628.76775 19.233 0.094 5.67 741.0
2454628.83322 19.149 0.081 4.90 721.0
2454628.90307 19.336 0.102 4.89 871.0
2454629.63889 19.323 0.076 3.84 662.0
2454629.84149 19.363 0.095 4.47 886.0
2454629.91951 19.285 0.098 4.99 875.0
2454630.57484 19.286 0.087 4.19 883.0
2454630.78066 19.120 0.069 4.30 850.0
2454630.86404 19.365 0.106 4.96 850.0
2454630.92678 19.253 0.109 5.32 1002.0
2454631.57619 19.285 0.071 3.76 876.0
2454631.79194 19.420 0.083 4.01 802.0
2454631.87863 19.398 0.105 4.34 1064.0
2454632.58001 19.188 0.079 4.23 986.0
2454633.57997 19.210 0.089 4.48 1064.0
2454633.69148 19.546 0.093 3.85 883.0
2454633.80724 19.312 0.092 4.14 986.0
2454638.76509 19.167 0.094 4.98 1050.0
2454638.87530 19.576 0.209 5.02 2366.0
2454639.58762 19.254 0.101 4.56 1141.0
2454639.68542 19.392 0.107 4.48 1075.0
2454640.60711 19.256 0.086 4.56 808.0
2454640.73925 19.462 0.100 5.04 742.0
2454641.68113 19.225 0.098 5.29 846.0
2454641.79106 19.029 0.085 5.57 867.0
2454642.60507 19.068 0.070 4.38 829.0
2454642.76758 19.514 0.110 4.86 757.0
2454642.84266 19.434 0.123 4.98 1031.0
2454643.56282 19.249 0.095 5.13 782.0
2454644.61019 19.214 0.112 6.15 809.0
2454644.87190 19.326 0.118 5.88 845.0
2454645.53327 19.014 0.096 5.18 1200.0
2454645.78173 19.473 0.131 5.04 847.0
2454645.85645 19.429 0.140 5.30 1129.0
2454646.53133 19.245 0.083 4.28 985.0
2454646.86369 19.291 0.111 4.86 1105.0
2454647.52766 19.269 0.114 4.57 1224.0
2454647.75072 19.203 0.089 4.53 887.0
2454647.77443 19.103 0.084 4.64 902.0
2454647.81940 19.131 0.098 5.27 986.0
2454647.86772 19.215 0.129 6.12 1109.0
2454648.51084 19.362 0.102 4.09 1009.0
2454648.73292 19.154 0.078 4.46 743.0
2454648.82836 19.523 0.144 5.53 925.0
2454649.53690 19.372 0.115 5.16 981.0
2454649.81579 19.189 0.096 5.20 856.0
2454649.87206 19.265 0.133 5.85 1116.0
2454650.52291 19.258 0.137 6.26 1125.0
2454650.78682 19.184 0.094 5.35 752.0
2454651.52632 19.500 0.145 5.46 1040.0
2454651.82139 19.218 0.110 5.46 947.0
2454652.51728 19.251 0.098 4.39 1187.0
2454652.73181 19.428 0.096 4.50 776.0
2454652.80530 19.288 0.090 4.60 850.0
2454652.85502 19.359 0.150 6.45 1055.0
2454653.51365 19.391 0.137 5.74 1082.0
2454653.73280 19.184 0.082 4.54 911.0
2454654.55247 19.297 0.113 5.99 813.0
2454654.76395 19.290 0.103 5.35 860.0
2454655.51354 19.289 0.118 5.19 1204.0
2454655.73800 19.379 0.091 4.55 746.0
2454655.79981 19.215 0.102 5.66 842.0
2454656.51543 19.180 0.072 4.04 788.0
2454656.70523 19.281 0.096 4.51 899.0
2454656.82449 19.294 0.133 5.37 1318.0
2454657.74279 19.493 0.154 6.44 834.0
2454658.67397 19.250 0.097 5.02 873.0
2454661.50351 19.311 0.113 4.84 1303.0
2454661.70419 19.260 0.107 4.93 983.0
2454661.76569 19.205 0.117 5.51 1048.0
2454661.83289 19.391 0.143 5.14 1369.0
2454665.67104 19.318 0.143 4.92 2025.0
2454666.57646 19.200 0.085 4.16 1187.0
2454666.71956 19.012 0.097 5.43 1136.0
2454670.66110 19.437 0.137 6.32 802.0
2454671.59672 19.327 0.073 4.24 634.0
2454672.52217 19.487 0.085 3.84 793.0
2454672.71464 19.170 0.072 4.07 826.0
2454672.73690 19.211 0.091 4.92 894.0
2454674.52527 19.191 0.096 5.41 784.0
2454674.71841 19.266 0.088 4.69 748.0
2454675.76740 19.358 0.107 4.70 1008.0
2454677.50196 19.330 0.090 4.33 928.0
2454677.65569 19.098 0.111 6.84 780.0
2454679.55260 19.042 0.095 6.08 751.0
2454681.54333 19.400 0.093 4.61 721.0
2454681.64332 19.316 0.106 6.04 671.0
2454682.51432 19.350 0.085 3.91 817.0
2454682.67165 19.375 0.085 4.12 688.0
2454682.76684 19.524 0.119 4.73 860.0
2454683.53281 19.166 0.112 5.83 981.0
2454683.71978 19.222 0.096 5.48 716.0
2454684.52534 19.249 0.084 3.98 1013.0
2454684.73906 19.426 0.094 4.43 733.0
2454685.74535 19.391 0.114 5.25 911.0
2454686.51409 19.277 0.083 3.88 822.0
2454687.49785 19.128 0.084 4.57 882.0
2454687.75335 19.261 0.103 5.17 911.0
2454688.51073 19.291 0.100 4.78 872.0
2454688.70060 19.343 0.092 4.59 771.0
2454688.76237 19.204 0.110 5.60 980.0
2454693.55853 19.245 0.115 3.87 2176.0
2454694.61969 19.047 0.115 6.37 1090.0
2454697.51426 19.093 0.070 4.33 780.0
2454698.51980 19.286 0.072 3.75 746.0
2454699.51596 19.381 0.094 4.29 850.0
2454700.52220 19.258 0.077 3.96 814.0
2454701.51751 19.133 0.083 4.68 877.0
2454702.51604 19.263 0.106 5.84 784.0
2454703.58653 19.370 0.104 5.24 767.0
2454704.65625 19.257 0.100 5.53 752.0
2454705.51966 19.237 0.071 3.59 824.0
2454707.65000 19.504 0.115 5.24 739.0
2454708.55291 19.445 0.139 6.93 764.0
2454710.55861 19.181 0.097 5.32 868.0
2454715.59799 19.151 0.131 6.92 949.0
2454716.60038 19.103 0.092 4.85 1170.0
2454720.56756 19.088 0.097 5.23 1119.0
2454721.49995 19.570 0.197 6.53 1149.0
2454722.61239 19.270 0.112 5.09 1077.0
2454724.52144 19.224 0.120 5.62 1071.0
2454725.50024 19.404 0.136 5.44 1037.0
2454726.56117 19.598 0.201 6.64 967.0
2454728.60631 19.295 0.126 5.63 953.0
2454729.56179 19.475 0.177 7.25 849.0
2454730.58045 19.227 0.091 4.94 797.0
2454731.58508 19.076 0.096 5.85 757.0
2454733.53672 19.261 0.095 4.97 770.0
2454734.56605 19.410 0.124 5.36 854.0
2454737.55699 19.457 0.139 6.31 753.0
2454740.56751 19.255 0.119 5.86 874.0
2454741.59885 18.885 0.074 5.48 853.0
2454756.53985 19.443 0.142 5.44 1032.0
2454758.52269 19.363 0.137 5.64 1128.0
2454869.88835 19.244 0.149 4.18 3197.0
2454870.86428 19.047 0.092 4.81 1335.0
2454873.86552 18.867 0.071 4.49 1176.0
2454874.85998 19.020 0.097 5.65 1157.0
2454877.85978 18.850 0.059 4.04 922.0
2454884.86733 18.103 0.031 4.61 978.0
2454887.83944 18.204 0.033 4.54 892.0
2454890.89540 18.522 0.044 4.85 818.0
2454896.88362 18.861 0.053 3.65 770.0
2454899.85454 19.028 0.074 4.57 931.0
2454900.89595 18.964 0.062 4.23 899.0
2454901.89431 18.975 0.057 4.07 898.0
2454902.89304 19.141 0.071 4.30 889.0
2454904.81718 19.274 0.097 4.76 973.0
2454910.82316 19.424 0.120 3.76 1745.0
2454911.79366 19.106 0.055 3.63 669.0
2454912.79065 19.215 0.064 4.03 681.0
2454914.80769 19.125 0.072 4.75 645.0
2454917.76872 19.358 0.080 3.92 725.0
2454920.75300 19.288 0.079 4.53 665.0
2454924.88737 19.181 0.093 6.18 750.0
2454925.82903 19.415 0.088 4.47 795.0
2454925.91660 19.116 0.071 4.69 872.0
2454927.72879 19.252 0.106 4.83 1038.0
2454927.88325 19.343 0.119 6.09 839.0
2454928.74525 19.118 0.081 4.68 887.0
2454929.80152 19.496 0.096 4.15 885.0
2454930.71600 19.454 0.118 4.02 1271.0
2454930.83494 19.041 0.090 5.33 1023.0
2454931.73086 19.070 0.112 5.80 1224.0
2454931.87651 19.249 0.099 4.95 991.0
2454932.83456 19.310 0.084 4.83 957.0
2454933.78223 19.373 0.120 5.08 1086.0
2454934.78068 19.194 0.080 3.69 1143.0
2454934.88543 18.970 0.096 6.10 1049.0
2454938.69122 19.401 0.114 4.54 1113.0
2454938.89600 19.195 0.094 5.29 910.0
2454939.71016 19.169 0.094 5.39 859.0
2454940.71015 19.249 0.081 4.29 780.0
2454941.68888 19.029 0.075 5.14 859.0
2454941.78688 19.191 0.095 6.01 784.0
2454942.72668 18.991 0.062 4.48 741.0
2454943.68073 19.157 0.067 3.94 743.0
2454943.82022 19.151 0.079 5.91 736.0
2454944.67754 18.931 0.057 3.78 815.0
2454944.68619 18.958 0.064 4.22 807.0
2454944.71071 19.038 0.060 3.71 770.0
2454944.74033 19.155 0.072 4.14 790.0
2454944.78276 18.983 0.068 5.09 750.0
2454944.83299 18.957 0.060 4.50 714.0
2454945.67990 19.131 0.071 3.87 894.0
2454945.69906 18.805 0.056 4.22 835.0
2454945.72602 18.864 0.054 4.20 765.0
2454945.75084 18.970 0.055 4.33 724.0
2454945.78245 19.036 0.061 4.75 735.0
2454945.84800 18.978 0.050 4.23 718.0
2454946.67563 18.891 0.056 3.96 793.0
2454946.69224 19.003 0.060 3.99 783.0
2454946.73092 18.951 0.061 4.54 712.0
2454946.80531 18.965 0.047 3.62 689.0
2454947.66936 18.898 0.052 4.06 715.0
2454947.69080 18.985 0.057 4.09 717.0
2454947.72878 18.977 0.051 3.71 734.0
2454947.81497 18.874 0.049 4.19 758.0
2454947.86756 18.787 0.057 5.43 844.0
2454948.67055 18.694 0.046 3.82 880.0
2454948.82882 18.875 0.048 4.41 684.0
2454948.84991 18.791 0.045 4.47 664.0
2454949.66701 18.835 0.057 4.00 888.0
2454949.82916 18.792 0.048 4.92 761.0
2454950.66115 18.680 0.052 4.75 773.0
2454951.65803 18.534 0.051 5.02 914.0
2454952.65629 18.489 0.044 5.19 725.0
2454953.64992 18.240 0.034 4.05 898.0
2454953.82450 18.215 0.036 5.40 825.0
2454954.65150 18.020 0.033 4.83 826.0
2454954.84432 18.087 0.030 5.24 703.0
2454955.65218 17.725 0.024 4.54 960.0
