2455312.78983 18.317 0.038 5.04 868.0
2455312.82786 18.272 0.039 5.29 883.0
2455312.87211 18.210 0.035 4.70 971.0
2455312.91171 18.281 0.036 5.42 791.0
2455313.78387 18.287 0.047 6.27 1012.0
2455313.82273 18.234 0.041 5.77 954.0
2455313.86240 18.190 0.043 6.09 1043.0
2455313.90063 18.252 0.037 4.52 1063.0
2455314.67151 18.218 0.047 5.55 1499.0
2455314.71197 18.291 0.047 5.60 1314.0
2455314.75125 18.304 0.040 4.69 1218.0
2455314.79118 18.193 0.040 5.28 1163.0
2455314.84872 18.293 0.039 4.86 1175.0
2455314.88615 18.282 0.037 4.51 1178.0
2455314.92359 18.347 0.043 5.17 1272.0
2455315.68901 18.221 0.047 5.76 1435.0
2455315.73693 18.310 0.053 6.15 1301.0
2455315.77447 18.312 0.050 5.71 1230.0
2455315.81220 18.345 0.043 4.94 1220.0
2455315.85238 18.415 0.052 5.40 1313.0
2455315.89451 18.266 0.045 5.38 1319.0
2455316.68015 18.247 0.054 6.07 1445.0
2455316.72730 18.194 0.043 5.34 1241.0
2455316.77034 18.395 0.063 6.88 1229.0
2455316.80769 18.193 0.054 6.75 1240.0
2455316.86456 18.209 0.052 6.02 1411.0
2455319.82469 18.215 0.050 4.12 3001.0
2455319.86767 18.321 0.058 4.43 3354.0
2455319.91182 18.240 0.062 4.88 4311.0
2455320.64247 18.335 0.042 5.17 1086.0
2455320.68705 18.131 0.036 5.39 1035.0
2455320.73097 18.252 0.036 4.85 985.0
2455320.76818 18.305 0.036 4.71 929.0
2455320.80590 18.218 0.038 4.43 1432.0
2455320.84912 18.161 0.034 5.24 943.0
2455320.88751 18.249 0.033 4.52 1011.0
2455320.92908 18.308 0.045 5.66 1296.0
2455321.71528 18.265 0.034 4.95 899.0
2455321.75273 18.231 0.033 4.76 878.0
2455321.79238 18.249 0.037 5.35 896.0
2455321.83078 18.242 0.046 6.43 939.0
2455321.87208 18.256 0.038 5.22 910.0
2455321.90947 18.342 0.043 5.70 950.0
2455322.69576 18.337 0.032 4.38 786.0
2455322.76127 18.177 0.030 4.09 1241.0
2455322.83835 18.213 0.031 5.02 921.0
2455322.90886 18.031 0.037 4.99 1728.0
2455323.73217 18.307 0.037 5.24 851.0
2455323.77046 18.284 0.031 4.41 834.0
2455323.81056 18.241 0.031 4.68 863.0
2455323.85184 18.274 0.033 4.45 922.0
2455323.89043 18.344 0.037 4.86 968.0
2455323.92789 18.281 0.036 4.92 994.0
2455324.70432 18.218 0.038 5.36 845.0
2455324.74345 18.380 0.036 4.69 776.0
2455324.78085 18.323 0.039 5.12 793.0
2455324.82098 18.314 0.037 5.31 791.0
2455324.85991 18.412 0.040 4.79 829.0
2455324.89727 18.291 0.037 5.90 850.0
2455324.93783 18.345 0.057 5.45 2115.0
2455325.68754 18.337 0.036 4.95 770.0
2455325.72404 18.297 0.032 4.75 713.0
2455325.76221 18.328 0.034 4.60 706.0
2455325.79950 18.323 0.032 4.23 694.0
2455325.84775 18.375 0.041 5.23 777.0
2455325.88781 18.396 0.041 6.47 803.0
2455325.92829 18.351 0.047 6.74 916.0
2455326.63560 18.305 0.044 6.26 856.0
2455326.72205 18.267 0.033 4.96 738.0
2455326.76011 18.265 0.032 4.68 730.0
2455326.79851 18.291 0.028 4.16 688.0
2455326.83783 18.324 0.033 4.63 744.0
2455326.87648 18.354 0.039 4.96 830.0
2455326.91372 18.342 0.039 5.42 872.0
2455327.64480 18.320 0.031 4.47 730.0
2455327.74700 18.345 0.033 4.10 725.0
2455327.78548 18.364 0.037 4.78 772.0
2455327.82433 18.332 0.038 5.32 779.0
2455327.86320 18.320 0.037 4.83 843.0
2455327.90138 18.319 0.036 4.93 859.0
2455327.93912 18.370 0.062 5.19 2529.0
2455328.67215 18.322 0.034 4.40 788.0
2455328.74072 18.255 0.030 4.38 764.0
2455328.77929 18.315 0.033 4.60 733.0
2455328.81926 18.360 0.037 5.11 774.0
2455328.85785 18.276 0.035 5.26 802.0
2455328.89553 18.154 0.030 4.94 797.0
2455328.93302 18.289 0.044 5.62 1130.0
2455334.61842 18.231 0.042 6.99 828.0
2455334.68455 18.340 0.065 8.79 845.0
2455334.76488 18.255 0.030 4.61 747.0
2455334.82221 18.284 0.036 5.91 768.0
2455334.86276 18.369 0.041 6.38 797.0
2455334.90329 18.295 0.043 6.84 852.0
2455334.94125 18.177 0.058 7.88 1869.0
2455335.74763 18.350 0.033 4.55 767.0
2455335.78679 18.258 0.032 5.01 751.0
2455335.82682 18.373 0.036 5.05 767.0
2455335.86466 18.296 0.035 5.14 798.0
2455335.90219 18.258 0.045 6.62 868.0
2455335.94126 18.214 0.057 6.02 1976.0
2455336.84609 18.214 0.032 4.77 815.0
2455336.91133 18.241 0.035 4.60 934.0
2455337.75771 18.311 0.032 4.72 727.0
2455337.79713 18.314 0.033 4.83 739.0
2455337.83554 18.347 0.043 5.82 867.0
2455337.87389 18.346 0.051 6.85 932.0
2455337.91253 18.248 0.043 6.07 965.0
2455338.75498 18.254 0.036 5.52 818.0
2455338.79417 18.224 0.042 6.21 890.0
2455338.83580 18.243 0.052 7.08 988.0
2455338.89539 18.239 0.056 7.73 962.0
2455339.67063 18.333 0.051 6.74 1013.0
2455339.70836 18.344 0.045 5.47 1020.0
2455339.80197 18.323 0.042 5.20 1000.0
2455339.86775 18.227 0.046 6.47 1109.0
2455339.90795 18.242 0.060 7.46 1197.0
2455339.94580 18.323 0.066 6.08 2201.0
2455340.65453 18.349 0.055 6.85 1117.0
2455340.69390 18.300 0.039 4.89 1189.0
2455340.78121 18.299 0.042 5.59 954.0
2455340.83676 18.318 0.037 4.96 997.0
2455340.87518 18.330 0.047 6.20 1069.0
2455340.91296 18.248 0.065 8.33 1219.0
2455341.58699 18.314 0.050 5.80 1279.0
2455341.62522 18.252 0.037 5.16 1052.0
2455341.73171 18.284 0.030 4.01 883.0
2455341.80601 18.282 0.035 4.39 1029.0
2455341.84420 18.210 0.034 4.60 1030.0
2455341.88201 18.332 0.037 4.76 1008.0
2455341.92239 18.267 0.036 5.13 1010.0
2455342.59661 18.343 0.063 6.91 1366.0
2455342.63395 18.250 0.058 7.25 1229.0
2455342.67157 18.286 0.043 5.41 1100.0
2455342.70902 18.348 0.041 4.95 1039.0
2455342.74756 18.277 0.038 5.02 1011.0
2455342.79172 18.321 0.049 5.87 1140.0
2455342.82977 18.280 0.040 5.09 1090.0
2455342.86773 18.312 0.050 5.97 1193.0
2455342.90552 18.336 0.053 6.14 1216.0
2455342.94339 18.360 0.080 8.04 1575.0
2455343.61482 18.296 0.056 6.14 1547.0
2455343.65250 18.238 0.048 5.78 1367.0
2455343.69022 18.264 0.041 4.97 1247.0
2455343.72830 18.286 0.040 4.77 1155.0
2455343.76714 18.326 0.043 5.03 1151.0
2455343.80713 18.345 0.042 4.80 1217.0
2455343.84565 18.274 0.040 4.82 1283.0
2455343.89645 18.286 0.045 5.28 1379.0
2455343.93428 18.300 0.054 6.13 1521.0
2455348.66221 18.327 0.036 4.85 868.0
2455348.72743 18.263 0.039 5.56 851.0
2455348.79271 18.238 0.037 5.37 835.0
2455348.83103 18.326 0.038 5.21 877.0
2455348.87487 18.264 0.050 6.67 1006.0
2455348.91518 18.340 0.045 5.99 976.0
2455349.59049 18.218 0.046 7.34 857.0
2455349.67309 18.265 0.041 5.20 1154.0
2455349.74127 18.360 0.045 4.99 1212.0
2455349.80624 18.413 0.045 5.36 1159.0
2455349.84401 18.224 0.042 5.81 1362.0
2455350.64374 18.349 0.057 8.08 831.0
2455350.68146 18.312 0.044 6.34 834.0
2455350.71996 18.220 0.049 7.47 847.0
2455351.57996 18.248 0.043 6.60 882.0
2455351.63742 18.339 0.037 5.66 752.0
2455351.71571 18.321 0.034 4.99 732.0
2455351.80032 18.261 0.042 5.90 911.0
2455351.87843 18.388 0.054 6.87 973.0
2455351.91640 18.226 0.045 6.91 1138.0
2455352.64101 18.350 0.039 5.25 796.0
2455352.73195 18.046 0.025 4.10 753.0
2455352.88458 18.420 0.046 5.42 975.0
2455352.92220 18.343 0.045 5.89 1097.0
2455353.61966 18.053 0.030 5.08 770.0
2455353.69976 18.228 0.029 4.31 699.0
2455353.76962 18.201 0.031 4.81 755.0
2455353.80768 18.252 0.030 4.34 776.0
2455353.85218 18.280 0.035 4.83 837.0
2455353.89646 18.282 0.039 5.77 954.0
2455354.64458 18.261 0.035 5.16 769.0
2455354.73275 18.318 0.035 4.53 745.0
2455354.82850 18.117 0.031 4.65 874.0
2455354.86886 18.169 0.035 5.20 942.0
2455354.90744 18.161 0.043 6.13 1085.0
2455355.58542 18.365 0.034 4.54 838.0
2455355.66915 18.338 0.033 4.52 777.0
2455355.75734 18.010 0.027 4.91 802.0
2455355.81297 18.355 0.045 5.93 925.0
2455355.86121 18.332 0.054 6.83 1016.0
2455355.89897 18.250 0.044 6.48 941.0
2455357.66794 18.125 0.030 5.11 776.0
2455357.75786 18.234 0.039 5.99 758.0
2455357.87092 18.260 0.056 7.91 897.0
2455358.63614 18.218 0.031 5.25 726.0
2455358.73111 18.322 0.037 5.50 718.0
2455358.83225 18.323 0.039 5.81 740.0
2455359.57655 18.288 0.047 6.46 1019.0
2455359.62076 18.125 0.040 6.65 909.0
2455359.67390 18.198 0.033 5.05 785.0
2455359.72111 18.148 0.037 5.83 900.0
2455359.77126 18.203 0.036 5.48 870.0
2455359.81140 18.314 0.037 5.08 866.0
2455359.85711 18.388 0.050 6.32 977.0
2455359.89637 18.145 0.044 7.00 1009.0
2455361.66898 18.220 0.041 6.36 805.0
2455362.58360 18.310 0.050 6.61 1072.0
2455362.65108 18.215 0.029 4.23 872.0
2455362.74408 18.226 0.032 4.90 810.0
2455362.86208 18.296 0.044 6.52 933.0
2455362.90712 18.350 0.060 7.58 1092.0
2455364.55285 18.307 0.043 6.30 861.0
2455364.62513 18.181 0.031 5.22 734.0
2455364.71964 18.347 0.040 5.58 760.0
2455364.78082 18.277 0.049 7.32 782.0
2455364.82026 18.348 0.047 6.76 761.0
2455364.86035 18.286 0.037 5.67 724.0
2455364.89846 18.263 0.047 6.93 787.0
2455365.57055 18.286 0.043 5.95 979.0
2455365.64537 18.056 0.030 5.32 823.0
2455365.74048 18.034 0.030 5.67 778.0
2455365.82874 18.361 0.044 5.94 842.0
2455365.86739 18.358 0.047 6.23 903.0
2455365.90473 18.364 0.056 6.99 1072.0
2455368.64642 18.182 0.041 5.68 1138.0
2455369.72858 18.200 0.046 6.41 1092.0
2455369.77391 18.321 0.056 6.35 1396.0
2455369.81188 18.327 0.051 6.50 1148.0
2455369.85266 18.258 0.048 7.23 886.0
2455376.65853 18.253 0.055 7.44 980.0
2455376.69891 18.377 0.047 5.86 942.0
2455376.73714 18.320 0.044 5.77 979.0
2455376.77595 18.286 0.041 5.53 989.0
2455376.81410 18.333 0.057 7.12 1108.0
2455376.85206 18.406 0.059 6.02 1493.0
2455377.54863 18.270 0.039 5.68 806.0
2455377.59134 18.350 0.051 6.94 823.0
2455377.62954 18.371 0.037 4.94 751.0
2455377.70322 18.416 0.040 5.28 765.0
2455377.74667 18.353 0.043 5.72 827.0
2455377.78939 18.255 0.040 5.84 889.0
2455377.82710 18.436 0.054 6.52 923.0
2455377.86528 18.369 0.049 6.12 1068.0
2455378.54904 18.302 0.034 4.76 717.0
2455378.63370 18.294 0.032 4.66 672.0
2455378.72268 18.302 0.028 4.23 702.0
2455378.76098 18.375 0.032 4.34 724.0
2455378.79951 18.356 0.038 5.83 755.0
2455378.83939 18.317 0.042 6.94 874.0
2455378.87711 18.252 0.046 7.93 980.0
2455379.51614 18.256 0.038 5.77 717.0
2455379.58578 18.313 0.035 5.41 613.0
2455379.67183 18.348 0.040 5.92 691.0
2455379.74434 18.334 0.033 4.62 706.0
2455379.78200 18.272 0.035 4.95 774.0
2455379.81992 18.361 0.044 6.41 834.0
2455379.86049 18.125 0.044 7.29 953.0
2455380.52762 18.249 0.034 5.76 682.0
2455380.56812 18.358 0.035 5.41 631.0
2455380.65217 18.445 0.039 5.73 607.0
2455380.72337 18.348 0.033 5.11 650.0
2455380.76161 18.364 0.038 5.75 688.0
2455380.79947 18.305 0.043 6.54 755.0
2455380.83740 18.294 0.057 8.31 861.0
2455381.53714 18.328 0.043 6.16 846.0
2455381.57471 18.328 0.055 7.56 805.0
2455381.61486 18.306 0.054 7.81 765.0
2455381.67421 18.292 0.044 6.88 681.0
2455381.71252 18.354 0.051 7.10 776.0
2455381.75066 18.351 0.064 8.14 861.0
2455381.79758 18.177 0.041 6.61 843.0
2455381.83571 18.347 0.055 7.39 891.0
2455382.52592 18.341 0.049 6.68 902.0
2455382.56350 18.226 0.056 8.64 787.0
2455382.61292 18.325 0.042 6.03 746.0
2455382.65083 18.262 0.034 5.16 716.0
2455382.69261 18.320 0.039 5.99 700.0
2455382.73245 18.356 0.051 7.40 742.0
2455382.77025 18.322 0.065 9.04 813.0
2455382.82095 18.276 0.053 7.72 854.0
2455383.77655 18.296 0.049 7.70 706.0
2455384.80008 18.261 0.054 7.45 1030.0
2455385.47067 18.355 0.051 5.79 1138.0
2455385.50989 18.359 0.035 4.54 858.0
2455385.81041 18.355 0.034 5.14 619.0
2455385.84797 18.283 0.035 6.08 672.0
2455386.47831 18.312 0.034 4.47 1258.0
2455386.56051 18.331 0.033 4.26 1063.0
2455386.60757 18.337 0.032 4.48 617.0
2455386.64396 18.387 0.035 5.19 910.0
2455386.74341 18.307 0.031 5.09 626.0
2455386.78168 18.416 0.036 5.91 633.0
2455386.82469 18.279 0.035 6.57 661.0
2455387.50393 18.275 0.030 3.99 706.0
2455387.61293 18.403 0.027 3.66 517.0
2455387.64770 18.332 0.023 3.38 518.0
2455387.68716 18.330 0.030 4.51 584.0
2455387.72579 18.370 0.028 4.25 569.0
2455387.76655 18.271 0.031 4.56 599.0
2455387.80776 18.335 0.035 5.86 658.0
2455388.46773 18.289 0.052 6.37 1038.0
2455388.50533 18.290 0.037 5.35 706.0
2455388.56524 18.366 0.035 4.72 624.0
2455388.67765 18.306 0.034 5.21 567.0
2455388.76433 18.342 0.037 5.47 570.0
2455388.80758 18.223 0.037 6.34 632.0
2455388.84645 18.239 0.043 7.49 695.0
2455389.49504 18.182 0.036 5.87 733.0
2455389.53318 18.350 0.038 5.68 673.0
2455389.61851 18.268 0.030 4.88 570.0
2455389.72375 18.383 0.042 6.39 620.0
2455389.78412 18.327 0.045 6.74 672.0
2455389.82465 18.244 0.034 5.81 694.0
2455390.46950 18.238 0.051 7.49 901.0
2455390.52432 18.377 0.060 8.29 744.0
2455390.56635 18.201 0.036 6.17 667.0
2455390.65192 18.371 0.043 6.43 659.0
2455390.69816 18.320 0.037 5.73 624.0
2455390.74762 18.312 0.033 5.09 601.0
2455390.78557 18.290 0.035 5.96 588.0
2455390.82325 18.371 0.043 6.79 614.0
2455391.51830 18.245 0.041 6.57 754.0
2455391.55708 18.294 0.053 8.02 696.0
2455391.61665 18.310 0.032 4.99 589.0
2455391.72592 18.335 0.038 5.64 680.0
2455391.80920 18.353 0.039 5.58 752.0
2455391.84666 18.318 0.047 6.71 925.0
2455392.49444 18.290 0.043 6.27 767.0
2455392.53316 18.323 0.041 6.11 711.0
2455392.59460 18.317 0.034 4.96 647.0
2455392.70472 18.242 0.035 5.87 648.0
2455392.78668 18.321 0.033 5.13 636.0
2455392.82431 18.243 0.039 6.59 717.0
2455393.63967 18.313 0.042 6.47 686.0
2455393.67939 18.343 0.043 6.38 666.0
2455393.71757 18.234 0.045 7.36 703.0
2455393.76293 18.194 0.046 7.66 741.0
2455393.80104 18.318 0.050 7.40 762.0
2455395.80807 18.278 0.043 6.16 795.0
2455396.52509 18.215 0.051 7.86 864.0
2455396.59938 18.337 0.041 5.72 756.0
2455396.66249 18.272 0.041 6.32 730.0
2455396.76953 18.299 0.035 5.89 665.0
2455396.80769 18.431 0.058 8.07 734.0
2455397.61759 18.296 0.055 7.51 774.0
2455397.66292 18.302 0.042 6.53 707.0
2455397.70073 18.326 0.049 6.97 768.0
2455402.61969 18.417 0.099 7.99 2098.0
2455402.67286 18.290 0.055 6.57 1272.0
2455403.48232 18.267 0.035 4.45 1152.0
2455403.51993 18.346 0.036 4.35 1118.0
2455403.55707 18.341 0.039 4.67 1110.0
2455403.59579 18.434 0.043 4.29 1247.0
2455403.63664 18.249 0.036 4.69 1086.0
2455403.67492 18.407 0.044 5.11 1159.0
2455403.71578 18.267 0.039 5.68 1223.0
2455403.75368 18.277 0.044 5.80 1345.0
2455403.79151 18.283 0.054 6.49 1521.0
2455404.49543 18.270 0.039 5.16 908.0
2455404.53323 18.323 0.036 4.85 857.0
2455404.57095 18.286 0.037 4.71 868.0
2455404.61112 18.363 0.044 5.38 855.0
2455404.65290 18.334 0.039 5.46 854.0
2455404.69277 18.421 0.044 4.89 926.0
2455404.73219 18.385 0.049 5.44 978.0
2455404.77597 18.353 0.042 5.27 1071.0
2455405.63079 18.383 0.057 7.48 809.0
2455405.67035 18.283 0.042 5.79 785.0
2455405.70844 18.351 0.041 4.86 875.0
2455405.74592 18.377 0.043 5.36 854.0
2455405.78351 18.352 0.038 5.13 880.0
2455407.48529 18.278 0.045 7.02 683.0
2455407.52317 18.353 0.045 6.60 665.0
2455407.56145 18.356 0.044 6.59 633.0
2455407.60051 18.337 0.053 7.41 698.0
2455407.64009 18.378 0.052 6.96 754.0
2455407.67813 18.339 0.046 6.28 764.0
2455407.71732 18.288 0.041 5.62 813.0
2455407.75527 18.375 0.044 5.58 864.0
2455408.51417 18.271 0.056 8.17 799.0
2455408.56585 18.368 0.056 8.17 725.0
2455408.60618 18.321 0.039 5.82 698.0
2455408.64456 18.277 0.041 6.20 768.0
2455408.68328 18.380 0.049 6.75 786.0
2455408.72117 18.435 0.054 7.08 794.0
2455408.75888 18.366 0.049 6.44 914.0
2455409.46896 18.245 0.052 6.94 1147.0
2455409.50675 18.408 0.044 6.51 676.0
2455409.59348 18.315 0.032 5.18 609.0
2455409.69993 18.415 0.039 5.72 710.0
2455409.76108 18.240 0.043 6.74 802.0
2455410.46984 18.336 0.052 6.08 1164.0
2455410.51145 18.390 0.039 5.72 703.0
2455410.59656 18.345 0.036 5.38 610.0
2455410.70344 18.478 0.047 6.59 700.0
2455410.76535 18.302 0.037 5.61 792.0
2455411.48767 18.320 0.032 5.26 641.0
2455411.52559 18.319 0.032 5.05 618.0
2455411.63244 18.338 0.032 5.11 628.0
2455411.74032 18.265 0.035 5.97 711.0
2455411.77808 18.397 0.050 6.95 797.0
2455412.53990 18.273 0.035 5.79 732.0
2455412.57980 18.270 0.039 5.85 771.0
2455412.61856 18.366 0.043 6.26 731.0
2455412.65633 18.335 0.049 6.92 759.0
2455412.70072 18.374 0.052 7.36 748.0
2455413.48009 18.209 0.045 7.08 819.0
2455413.51947 18.264 0.031 4.93 698.0
2455413.62630 18.358 0.033 5.23 602.0
2455413.73377 18.433 0.039 6.39 582.0
2455413.77154 18.351 0.054 8.33 696.0
2455414.49975 18.263 0.030 5.15 619.0
2455414.56100 18.363 0.032 5.01 594.0
2455414.67097 18.328 0.030 4.75 635.0
2455414.75812 18.405 0.035 5.90 628.0
2455416.61677 18.262 0.043 6.73 676.0
2455416.67350 18.330 0.039 5.94 652.0
2455418.53577 18.355 0.031 4.78 595.0
2455418.58231 18.251 0.031 5.44 591.0
2455418.63248 18.200 0.029 5.26 572.0
2455418.68402 18.264 0.041 6.86 609.0
2455421.49127 18.326 0.035 5.50 680.0
2455421.53534 18.333 0.035 5.33 662.0
2455421.59495 18.290 0.035 5.75 650.0
2455421.64113 18.372 0.038 6.04 626.0
2455421.68343 18.368 0.050 7.71 633.0
2455421.72782 18.363 0.041 6.55 634.0
2455422.51714 18.340 0.036 5.29 701.0
2455422.56319 18.345 0.039 5.83 692.0
2455422.71719 18.326 0.032 5.36 606.0
2455423.50111 18.309 0.031 4.98 643.0
2455423.54343 18.275 0.027 4.38 594.0
2455423.67714 18.323 0.047 7.44 688.0
2455425.50856 18.271 0.034 5.29 720.0
2455425.55026 18.308 0.032 5.02 687.0
2455426.51650 18.416 0.069 4.48 3185.0
2455426.59550 18.503 0.084 4.39 4164.0
2455426.73601 18.357 0.079 5.35 3466.0
2455430.50206 18.341 0.051 6.18 1053.0
2455430.54852 18.297 0.042 5.21 970.0
2455430.58679 18.320 0.041 5.04 939.0
2455430.62576 18.337 0.042 5.26 974.0
2455430.66689 18.451 0.063 7.33 1064.0
2455431.50323 18.356 0.039 4.81 995.0
2455431.54376 18.282 0.037 5.14 858.0
2455431.58179 18.414 0.041 5.05 885.0
2455431.62318 18.284 0.044 5.97 918.0
2455431.66081 18.304 0.049 6.78 995.0
2455432.52772 18.197 0.061 7.16 1431.0
2455432.64023 18.309 0.052 6.65 1001.0
2455433.53811 18.417 0.057 6.89 921.0
2455433.66352 18.399 0.053 6.14 1053.0
2455434.48922 18.342 0.045 5.63 793.0
2455434.53429 18.315 0.042 5.29 797.0
2455434.57867 18.396 0.044 5.59 819.0
2455434.62102 18.353 0.039 4.82 835.0
2455434.66576 18.224 0.039 6.10 901.0
2455434.70583 18.347 0.045 6.11 994.0
2455435.50528 18.362 0.043 5.90 755.0
2455435.54809 18.345 0.036 4.24 788.0
2455435.61801 18.397 0.039 5.14 781.0
2455435.67147 18.353 0.037 4.59 796.0
2455435.71042 18.301 0.040 5.57 893.0
2455436.50374 18.308 0.036 5.41 697.0
2455436.64769 18.406 0.041 5.11 785.0
2455437.48634 18.414 0.032 4.08 689.0
2455437.58326 18.242 0.032 5.00 685.0
2455438.49893 18.403 0.047 6.11 801.0
2455438.53838 18.485 0.051 6.57 738.0
2455438.63982 18.316 0.035 4.35 753.0
2455438.67785 18.320 0.033 4.59 726.0
2455439.49128 18.337 0.048 6.25 778.0
2455439.55632 18.395 0.049 6.27 748.0
2455439.59369 18.298 0.042 5.69 732.0
2455439.63171 18.325 0.046 6.53 713.0
2455439.67750 18.357 0.050 6.46 780.0
2455443.52400 18.427 0.042 6.22 693.0
2455443.57011 18.256 0.042 6.91 723.0
2455443.60793 18.324 0.046 6.91 731.0
2455443.65046 18.432 0.046 6.72 700.0
2455444.48256 18.462 0.052 6.24 790.0
2455444.53326 18.307 0.049 7.46 694.0
2455444.58987 18.361 0.039 5.66 661.0
2455444.63189 18.393 0.043 6.08 724.0
2455444.67000 18.310 0.041 6.46 740.0
2455445.53578 18.281 0.039 5.91 727.0
2455445.63973 18.329 0.035 5.54 685.0
2455445.67877 18.461 0.041 6.00 696.0
2455446.51423 18.304 0.036 5.28 697.0
2455446.56003 18.417 0.043 6.00 710.0
2455446.59988 18.393 0.041 5.87 689.0
2455446.63901 18.263 0.036 5.77 662.0
2455447.48634 18.299 0.031 4.87 699.0
2455447.52984 18.297 0.032 4.78 682.0
2455447.56904 18.280 0.036 6.04 681.0
2455447.63446 18.287 0.036 6.58 651.0
2455448.50711 18.455 0.041 5.40 708.0
2455448.54581 18.393 0.042 6.02 719.0
2455448.56056 18.380 0.041 5.34 731.0
2455448.66177 18.450 0.047 7.28 690.0
2455449.50187 18.358 0.046 6.22 735.0
2455449.61606 18.262 0.037 5.90 735.0
2455450.50481 18.326 0.042 6.25 740.0
2455450.54242 18.323 0.049 7.05 755.0
2455450.58573 18.338 0.041 5.93 726.0
2455450.63065 18.254 0.044 6.91 781.0
2455451.49257 18.327 0.057 6.57 1124.0
2455451.54791 18.228 0.044 6.79 749.0
2455451.66117 18.363 0.040 5.69 646.0
2455453.54007 18.405 0.060 7.14 1067.0
2455453.65727 18.232 0.036 5.89 831.0
2455457.47328 18.427 0.059 3.79 3368.0
2455457.54105 18.287 0.030 5.01 803.0
2455457.58859 18.445 0.043 4.97 1003.0
2455458.47478 18.420 0.076 4.83 2968.0
2455458.52356 18.329 0.055 7.03 961.0
2455458.57380 18.333 0.049 6.91 927.0
2455459.49042 18.277 0.038 5.18 871.0
2455459.53685 18.303 0.039 5.04 875.0
2455459.58899 18.305 0.038 5.27 912.0
2455460.48028 18.385 0.066 6.69 1243.0
2455460.52638 18.251 0.042 5.83 858.0
2455460.57543 18.434 0.063 5.51 1759.0
2455461.57851 18.377 0.076 5.93 2318.0
2455461.62165 18.406 0.068 5.61 2143.0
2455462.52930 18.350 0.039 5.14 875.0
2455462.60665 18.397 0.046 5.46 1007.0
2455463.50070 18.296 0.037 5.31 861.0
2455463.54275 18.291 0.036 4.92 871.0
2455464.49099 18.268 0.039 6.24 768.0
2455464.53278 18.305 0.040 5.56 843.0
2455465.48411 18.377 0.053 6.62 939.0
2455466.54073 18.261 0.052 7.76 811.0
2455468.53590 18.299 0.044 6.38 771.0
2455469.55190 18.406 0.036 5.10 749.0
2455470.59049 18.381 0.040 4.85 811.0
2455471.57456 18.245 0.035 5.50 731.0
2455472.53071 18.401 0.054 7.10 808.0
2455473.48976 18.313 0.053 7.31 833.0
2455473.58302 18.201 0.036 6.38 745.0
2455477.52107 18.393 0.051 6.40 831.0
2455478.54425 18.439 0.050 6.50 766.0
2455480.48722 18.438 0.069 7.00 1248.0
2455480.55625 18.363 0.046 6.14 875.0
2455481.52695 18.226 0.054 7.21 1085.0
2455485.49798 18.327 0.067 7.81 1023.0
2455486.49533 18.382 0.062 6.82 1078.0
2455486.55726 18.393 0.060 7.10 1104.0
2455487.54174 18.237 0.035 5.37 961.0
2455488.52890 18.363 0.043 5.26 1043.0
2455489.51528 18.278 0.047 6.39 975.0
2455490.51544 18.457 0.071 7.20 1127.0
2455492.50065 18.353 0.067 7.04 1270.0
2455494.52553 18.305 0.059 7.12 1149.0
2455495.52928 18.233 0.041 6.36 887.0
2455497.52854 18.366 0.044 6.22 950.0
2455499.53086 18.330 0.058 7.60 1045.0
2455507.50520 18.394 0.088 7.81 1654.0
2455596.87523 18.285 0.038 5.72 927.0
2455597.88165 18.519 0.074 6.96 1335.0
2455598.86375 18.337 0.038 5.97 717.0
2455599.87722 18.406 0.039 6.61 443.0
2455600.87006 18.376 0.038 5.56 775.0
2455602.86448 18.213 0.039 6.84 753.0
2455604.87269 18.409 0.046 6.67 761.0
2455605.87076 18.355 0.033 5.27 691.0
2455606.86851 18.322 0.037 5.91 710.0
2455607.87282 18.354 0.039 6.55 721.0
2455608.86771 18.371 0.046 7.08 689.0
2455610.89296 18.323 0.045 5.72 1217.0
2455612.86736 18.432 0.058 7.61 876.0
2455614.85282 18.280 0.038 5.86 874.0
2455615.86110 18.377 0.039 5.47 814.0
2455616.85383 18.343 0.049 7.19 854.0
2455617.88981 18.104 0.067 7.35 2200.0
2455620.84220 18.331 0.037 5.89 692.0
2455621.84502 18.413 0.036 5.96 663.0
2455622.87928 18.298 0.029 5.00 560.0
2455624.83769 18.403 0.039 5.51 638.0
2455625.81687 18.327 0.044 6.87 717.0
2455626.81212 18.299 0.059 9.17 1134.0
2455627.84112 18.377 0.040 5.93 642.0
2455628.85186 18.333 0.036 5.86 641.0
2455629.82005 18.274 0.037 6.16 635.0
2455630.79746 18.288 0.039 6.81 687.0
2455631.82351 18.205 0.046 7.87 1118.0
2455632.83251 18.342 0.037 5.64 697.0
2455633.78974 18.328 0.036 6.09 707.0
2455634.84460 18.255 0.037 6.15 655.0
2455635.85292 18.357 0.044 6.84 853.0
2455637.81281 18.258 0.044 6.76 979.0
2455638.79195 18.298 0.049 7.02 897.0
2455639.77992 18.303 0.047 6.52 972.0
2455639.85565 18.326 0.031 4.34 783.0
2455640.78760 18.469 0.059 6.85 1022.0
2455640.82592 18.338 0.043 5.69 925.0
2455640.87361 18.325 0.035 5.02 840.0
2455640.91448 18.238 0.049 6.14 1502.0
2455641.78041 18.361 0.041 5.82 946.0
2455641.82280 18.353 0.039 5.43 875.0
2455641.86099 18.341 0.037 5.58 833.0
2455641.90569 18.341 0.044 6.86 838.0
2455642.78273 18.306 0.041 5.65 994.0
2455642.84177 18.340 0.036 5.10 889.0
2455642.90161 18.367 0.046 6.70 861.0
2455643.75725 18.369 0.044 6.00 1068.0
2455643.79548 18.442 0.047 5.81 960.0
2455643.85532 18.338 0.033 4.49 895.0
2455643.89618 18.282 0.032 4.64 820.0
2455644.76119 18.218 0.074 7.84 1958.0
2455644.80181 18.376 0.050 5.63 1284.0
2455644.87617 18.358 0.054 5.44 1866.0
2455647.80193 18.490 0.057 5.65 1465.0
2455647.84581 18.309 0.040 4.93 1304.0
2455647.87303 18.329 0.042 5.12 1266.0
2455647.90739 18.427 0.052 6.20 1220.0
2455648.74699 18.369 0.049 7.49 698.0
2455648.80952 18.340 0.036 5.85 660.0
2455648.85353 18.218 0.025 4.19 616.0
2455648.89677 18.235 0.034 6.27 637.0
2455649.75280 18.272 0.040 7.23 623.0
2455649.79198 18.382 0.034 5.93 601.0
2455649.85944 18.400 0.030 4.78 582.0
2455649.89793 18.348 0.032 5.67 583.0
2455650.74317 18.297 0.037 6.64 637.0
2455650.78388 18.337 0.031 5.38 580.0
2455650.84624 18.352 0.030 4.96 597.0
2455650.89041 18.325 0.039 7.14 614.0
2455651.76553 18.334 0.035 5.83 637.0
2455651.80817 18.359 0.036 5.92 643.0
2455651.87882 18.242 0.036 6.18 650.0
2455652.74560 18.204 0.030 6.15 613.0
2455652.80704 18.330 0.026 4.24 565.0
2455652.84936 18.363 0.029 4.50 576.0
2455653.77402 18.392 0.028 4.28 576.0
2455653.90312 18.305 0.025 4.03 590.0
2455654.77590 18.334 0.034 5.30 620.0
2455654.82565 18.290 0.028 4.65 560.0
2455654.86720 18.327 0.031 5.31 561.0
2455654.92023 18.328 0.043 6.31 1024.0
2455655.76699 18.336 0.037 5.60 677.0
2455655.80502 18.302 0.031 4.79 637.0
2455655.84316 18.267 0.025 4.11 595.0
2455655.89016 18.289 0.031 5.55 575.0
2455656.78503 18.324 0.034 5.44 654.0
2455656.82865 18.333 0.027 4.30 601.0
2455656.87301 18.288 0.028 5.07 582.0
2455657.77632 18.328 0.027 4.19 609.0
2455657.81502 18.338 0.027 4.05 596.0
2455657.86043 18.318 0.028 4.59 586.0
2455657.90507 18.323 0.032 5.29 575.0
2455658.77056 18.310 0.040 6.61 849.0
2455658.81137 18.346 0.041 6.46 599.0
2455658.86829 18.371 0.034 5.33 572.0
2455658.90978 18.373 0.041 6.41 587.0
2455659.72511 18.352 0.035 5.41 646.0
2455659.76265 18.330 0.031 5.11 593.0
2455659.80197 18.339 0.032 5.15 601.0
2455659.84092 18.405 0.042 6.34 603.0
2455659.89070 18.319 0.030 4.90 561.0
2455660.72419 18.324 0.039 6.72 646.0
2455660.77156 18.373 0.036 6.16 570.0
2455660.81490 18.379 0.033 5.31 565.0
2455660.87047 18.400 0.038 5.89 580.0
2455662.72327 18.400 0.050 7.20 688.0
2455662.76364 18.342 0.045 6.78 658.0
2455662.82537 18.292 0.033 5.15 687.0
2455662.86354 18.326 0.031 5.01 665.0
2455662.90552 18.286 0.032 4.98 675.0
2455664.76844 18.349 0.042 6.56 775.0
2455664.80949 18.279 0.033 5.19 636.0
2455664.86990 18.363 0.046 6.65 678.0
2455664.91356 18.305 0.033 5.32 629.0
2455665.73756 18.292 0.038 6.17 684.0
2455665.78337 18.328 0.033 5.37 609.0
2455665.84764 18.369 0.035 5.49 580.0
2455665.89526 18.358 0.029 4.53 574.0
2455667.71946 18.352 0.037 5.39 765.0
2455667.77206 18.247 0.033 5.60 716.0
2455667.82452 18.346 0.032 5.18 664.0
2455667.87722 18.344 0.028 4.61 602.0
2455667.92283 18.373 0.030 4.74 641.0
2455668.76099 18.368 0.051 6.79 900.0
2455668.82847 18.366 0.051 5.67 1448.0
2455668.88558 18.186 0.041 4.50 1920.0
2455668.92469 18.382 0.043 5.05 1093.0
2455669.77430 18.370 0.041 5.78 926.0
2455669.81307 18.340 0.036 5.27 878.0
2455669.87476 18.293 0.035 4.85 850.0
2455669.91810 18.373 0.045 5.09 1024.0
2455670.74884 18.331 0.048 6.46 1027.0
2455670.80108 18.337 0.039 4.95 953.0
2455670.85325 18.380 0.040 4.86 961.0
2455670.89465 18.395 0.039 4.49 1003.0
2455671.73024 18.353 0.041 4.95 1075.0
2455671.77068 18.456 0.038 4.56 946.0
2455675.73277 18.383 0.037 4.59 824.0
2455675.77113 18.283 0.037 5.36 850.0
2455675.81047 18.314 0.041 5.75 858.0
2455675.86983 18.229 0.027 3.86 701.0
2455675.92277 18.268 0.037 5.72 808.0
2455676.69772 18.284 0.019 4.05 277.0
2455676.73690 18.285 0.024 4.86 389.0
2455676.77577 18.355 0.030 5.27 532.0
2455676.82079 18.424 0.036 5.98 621.0
2455676.87665 18.351 0.027 3.84 601.0
2455676.92608 18.320 0.033 5.16 727.0
2455677.73186 18.283 0.035 6.32 627.0
2455677.77545 18.338 0.030 4.77 639.0
2455677.82584 18.326 0.036 5.95 625.0
2455677.87782 18.327 0.030 4.52 626.0
2455677.91771 18.338 0.028 4.24 635.0
2455679.69572 18.430 0.041 5.83 667.0
2455679.73762 18.336 0.033 4.62 654.0
2455679.78957 18.330 0.036 5.62 638.0
2455679.84063 18.385 0.035 4.50 659.0
2455679.88199 18.364 0.035 4.81 658.0
2455679.92019 18.245 0.030 4.82 672.0
2455680.68324 18.323 0.040 6.19 672.0
2455680.72164 18.356 0.050 7.68 653.0
2455680.77031 18.381 0.035 5.01 633.0
2455680.82354 18.285 0.034 5.48 624.0
2455680.86651 18.324 0.033 5.03 615.0
2455680.90732 18.361 0.031 4.90 619.0
2455681.67362 18.320 0.042 6.40 718.0
2455681.71183 18.363 0.036 5.75 660.0
2455681.75113 18.305 0.033 5.27 629.0
2455681.80201 18.324 0.032 5.01 622.0
2455681.85709 18.241 0.039 6.00 705.0
2455681.89877 18.364 0.036 5.19 710.0
2455682.66100 18.238 0.039 6.17 809.0
2455682.70179 18.318 0.044 6.85 776.0
2455682.74908 18.385 0.034 4.93 651.0
2455682.79162 18.280 0.031 5.15 676.0
2455682.88166 18.306 0.030 4.59 710.0
2455682.92134 18.319 0.037 6.01 741.0
2455683.68239 18.272 0.033 5.54 701.0
2455683.73256 18.382 0.035 4.96 642.0
2455683.80239 18.314 0.029 4.35 641.0
2455683.86020 18.329 0.034 5.57 739.0
2455683.90239 18.306 0.031 4.69 727.0
2455684.65260 18.243 0.032 5.52 725.0
2455684.70558 18.367 0.034 5.44 649.0
2455684.76473 18.315 0.029 4.46 618.0
2455684.81717 18.339 0.032 4.91 656.0
2455684.87658 18.329 0.034 4.93 677.0
2455684.91681 18.343 0.038 5.91 685.0
2455685.74328 18.391 0.031 4.72 618.0
2455685.79185 18.303 0.027 4.29 598.0
2455685.84406 18.319 0.027 4.01 598.0
2455685.88765 18.278 0.027 4.53 624.0
2455685.92869 18.302 0.037 6.38 798.0
2455686.69253 18.293 0.036 6.31 669.0
2455686.74127 18.359 0.034 5.59 647.0
2455686.79863 18.341 0.027 4.18 650.0
2455686.84596 18.263 0.036 6.17 699.0
2455686.88790 18.233 0.041 6.76 701.0
2455686.92765 18.353 0.040 6.17 762.0
2455687.68435 18.385 0.046 6.92 864.0
2455687.72767 18.342 0.036 5.74 655.0
2455687.77846 18.393 0.035 5.50 629.0
2455687.83133 18.319 0.029 5.11 603.0
2455688.84455 18.264 0.028 4.41 604.0
2455688.91258 18.192 0.039 6.20 960.0
2455689.67548 18.285 0.028 5.00 615.0
2455689.74007 18.318 0.031 5.21 600.0
2455689.78852 18.327 0.027 4.28 567.0
2455690.62707 18.362 0.030 5.85 578.0
2455690.66618 18.288 0.033 5.52 608.0
2455690.71715 18.394 0.034 5.28 567.0
2455690.77950 18.206 0.032 5.53 635.0
2455690.81934 18.237 0.030 5.24 618.0
2455690.88225 18.252 0.040 7.16 832.0
2455691.62350 18.224 0.045 7.40 1118.0
2455691.68831 18.332 0.035 5.57 645.0
2455691.74634 18.346 0.035 5.54 618.0
2455691.79057 18.264 0.038 6.72 672.0
2455691.83994 18.274 0.034 5.77 672.0
2455691.87869 18.370 0.039 6.36 668.0
2455692.63179 18.172 0.051 8.13 1025.0
2455692.68335 18.378 0.035 5.04 726.0
2455692.74265 18.286 0.033 5.57 660.0
2455692.78041 18.410 0.038 5.50 691.0
2455692.82092 18.225 0.035 5.40 792.0
2455692.85898 18.358 0.036 5.23 798.0
2455692.89736 18.286 0.036 5.82 854.0
2455692.93715 18.362 0.057 7.75 1061.0
2455692.93900 18.325 0.055 7.53 1395.0
2455693.64780 18.351 0.039 5.91 768.0
2455693.70727 18.273 0.029 4.54 675.0
2455693.76644 18.337 0.027 4.15 647.0
2455693.80428 18.310 0.028 4.24 696.0
2455693.84298 18.331 0.032 4.79 769.0
2455693.88087 18.270 0.035 5.49 834.0
2455693.92273 18.139 0.034 6.14 902.0
2455694.62541 18.340 0.039 5.48 883.0
2455694.65985 18.363 0.035 4.93 806.0
2455694.71260 18.306 0.033 4.81 750.0
2455694.76701 18.321 0.032 4.78 739.0
2455694.81310 18.426 0.032 4.28 704.0
2455694.85103 18.283 0.029 4.88 677.0
2455694.88860 18.240 0.037 6.39 777.0
2455694.92605 18.259 0.040 6.80 803.0
2455695.62970 18.373 0.050 7.29 810.0
2455695.68239 18.398 0.043 5.40 957.0
2455695.76480 18.408 0.033 4.71 667.0
2455695.81395 18.293 0.030 4.19 774.0
2455695.85290 18.361 0.029 4.52 627.0
2455695.89064 18.286 0.030 5.76 631.0
2455695.92825 18.348 0.037 7.12 667.0
2455696.61868 18.270 0.046 6.43 1028.0
2455696.65983 18.218 0.037 5.50 906.0
2455696.71663 18.339 0.034 4.74 769.0
2455696.75597 18.385 0.033 4.48 710.0
2455696.79780 18.312 0.031 4.05 766.0
2455696.84080 18.263 0.033 4.69 829.0
2455696.88269 18.367 0.041 5.92 776.0
2455696.93870 18.237 0.059 7.71 1373.0
2455697.62797 18.301 0.040 4.82 1057.0
2455697.67537 18.349 0.037 5.38 904.0
2455697.72297 18.402 0.039 4.88 885.0
2455697.76189 18.298 0.032 4.40 862.0
2455697.80530 18.373 0.039 5.03 958.0
2455697.84293 18.297 0.034 4.59 927.0
2455697.88757 18.210 0.035 5.60 945.0
2455697.92831 18.291 0.041 7.80 906.0
2455698.62064 18.239 0.046 5.19 1689.0
2455698.66843 18.349 0.044 4.87 1372.0
2455698.70884 18.305 0.042 4.85 1287.0
2455698.74874 18.367 0.043 4.77 1217.0
2455698.78879 18.334 0.040 4.85 1174.0
2455698.82992 18.278 0.036 4.31 1303.0
2455698.86779 18.357 0.045 5.60 1342.0
2455698.90935 18.348 0.059 7.31 1475.0
2455702.62816 18.439 0.097 6.97 3155.0
2455702.66225 18.361 0.079 6.38 2896.0
2455702.69872 18.530 0.106 7.39 3206.0
2455702.75072 18.374 0.066 6.13 2291.0
2455702.78142 18.331 0.068 5.98 2197.0
2455702.91486 18.430 0.081 7.28 2391.0
2455703.74436 18.350 0.046 6.69 892.0
2455703.81528 18.366 0.062 8.42 1086.0
2455703.86493 18.350 0.060 7.99 1161.0
2455705.73722 18.292 0.041 6.32 696.0
2455705.78006 18.269 0.037 5.84 687.0
2455705.83153 18.194 0.038 6.44 694.0
2455705.88530 18.305 0.058 8.63 901.0
2455705.93443 18.249 0.056 8.70 1129.0
2455706.71345 18.298 0.044 7.12 761.0
2455706.76912 18.330 0.042 6.93 651.0
2455706.84134 18.353 0.051 7.62 870.0
2455707.57676 18.439 0.048 6.65 886.0
2455707.61422 18.361 0.044 6.68 687.0
2455707.66127 18.329 0.038 6.00 631.0
2455707.70902 18.348 0.037 5.75 641.0
2455707.74752 18.289 0.034 5.53 658.0
2455707.78828 18.311 0.031 4.62 692.0
2455707.82802 18.322 0.037 5.48 802.0
2455707.86779 18.422 0.044 6.18 786.0
2455707.90814 18.270 0.048 7.73 851.0
2455708.57343 18.348 0.047 6.77 1065.0
2455708.62309 18.281 0.051 7.76 845.0
2455708.67922 18.272 0.036 5.95 613.0
2455708.72848 18.342 0.032 5.09 604.0
2455708.76947 18.276 0.036 5.95 721.0
2455708.81815 18.219 0.039 6.83 691.0
2455708.86346 18.363 0.054 8.05 762.0
2455708.92206 18.186 0.057 10.04 1211.0
2455709.59753 18.283 0.033 5.94 591.0
2455709.65262 18.365 0.030 5.24 548.0
2455709.83600 18.205 0.029 5.80 599.0
2455712.57106 18.300 0.055 7.69 1276.0
2455712.63389 18.345 0.037 5.57 727.0
2455712.64641 18.393 0.041 5.95 710.0
2455712.70745 18.323 0.031 4.87 656.0
2455712.74826 18.351 0.031 4.74 649.0
2455712.78997 18.338 0.032 5.01 695.0
2455712.82903 18.259 0.031 5.71 670.0
2455712.87645 18.394 0.042 7.67 740.0
2455713.75680 18.375 0.032 4.97 626.0
2455713.79293 18.327 0.033 5.49 634.0
2455713.80540 18.271 0.030 5.16 632.0
2455713.84378 18.205 0.030 6.21 587.0
2455714.57976 18.206 0.041 6.82 866.0
2455714.65364 18.284 0.033 5.94 556.0
2455714.66660 18.441 0.030 5.54 464.0
2455714.86817 18.303 0.052 8.51 673.0
2455715.65422 18.306 0.031 5.12 614.0
2455715.69887 18.347 0.031 5.10 562.0
2455715.74387 18.395 0.031 4.76 585.0
2455715.79047 18.307 0.032 5.38 596.0
2455715.83303 18.366 0.039 6.68 637.0
2455715.88820 18.422 0.043 6.75 677.0
2455716.57748 18.291 0.042 6.66 717.0
2455716.66363 18.297 0.033 5.56 590.0
2455716.67638 18.338 0.040 6.49 596.0
2455716.72911 18.366 0.033 5.09 558.0
2455716.77256 18.282 0.036 5.90 585.0
2455716.81242 18.293 0.035 6.07 594.0
2455716.85198 18.283 0.046 7.63 789.0
2455716.89139 18.350 0.043 7.36 687.0
2455721.59403 18.219 0.034 5.34 796.0
2455721.60651 18.324 0.041 6.05 733.0
2455721.61894 18.267 0.034 5.53 713.0
2455721.67129 18.333 0.033 5.08 703.0
2455721.68386 18.314 0.035 5.52 677.0
2455721.69638 18.311 0.030 4.90 651.0
2455721.76422 18.204 0.027 4.82 587.0
2455721.80377 18.325 0.030 5.16 562.0
2455721.84488 18.341 0.041 6.45 722.0
2455721.89478 18.362 0.045 6.93 786.0
2455722.58925 18.264 0.031 4.45 766.0
2455722.64367 18.312 0.033 4.92 685.0
2455722.69829 18.377 0.034 4.76 636.0
2455722.76376 18.269 0.033 5.22 693.0
2455722.80351 18.196 0.032 5.35 744.0
2455723.54475 18.292 0.050 7.06 914.0
2455723.58421 18.186 0.032 5.04 749.0
2455723.63234 18.289 0.035 5.61 687.0
2455723.68231 18.262 0.035 5.84 670.0
2455723.72233 18.376 0.032 4.62 625.0
2455723.76188 18.324 0.033 5.08 672.0
2455723.80047 18.334 0.030 4.92 606.0
2455723.84010 18.295 0.034 5.76 648.0
2455724.54006 18.305 0.057 6.87 1078.0
2455724.58314 18.325 0.047 5.95 935.0
2455724.59738 18.311 0.044 5.88 889.0
2455724.60996 18.205 0.039 5.77 852.0
2455724.66065 18.317 0.041 5.99 756.0
2455724.72204 18.330 0.035 4.86 700.0
2455724.77187 18.339 0.038 5.18 729.0
2455724.81292 18.333 0.039 5.66 739.0
2455725.56291 18.318 0.041 5.68 861.0
2455725.63031 18.328 0.032 4.47 773.0
2455725.69694 18.314 0.028 4.00 776.0
2455725.73753 18.349 0.033 4.30 852.0
2455725.77641 18.314 0.035 4.85 832.0
2455726.53945 18.137 0.052 6.58 1609.0
2455726.57727 18.225 0.044 5.85 1165.0
2455726.62434 18.325 0.039 4.95 1023.0
2455726.67167 18.386 0.045 5.35 1020.0
2455726.71114 18.258 0.030 3.88 972.0
2455726.75168 18.440 0.043 4.88 1070.0
2455726.79714 18.209 0.040 5.81 1113.0
2455734.59742 18.236 0.049 8.08 887.0
2455734.67649 18.326 0.039 6.00 677.0
2455734.72189 18.308 0.045 6.85 816.0
2455734.76755 18.343 0.049 7.19 767.0
2455734.81092 18.347 0.051 7.38 768.0
2455734.86123 18.477 0.072 8.33 848.0
2455735.64930 18.337 0.042 6.85 720.0
2455735.69454 18.421 0.049 7.27 641.0
2455735.75686 18.222 0.035 6.43 664.0
2455735.80576 18.363 0.038 6.22 681.0
2455735.85254 18.207 0.043 7.40 778.0
2455736.50981 18.393 0.058 7.45 931.0
2455736.55281 18.350 0.039 5.95 733.0
2455736.59077 18.349 0.032 5.09 644.0
2455736.63509 18.387 0.027 4.09 548.0
2455736.67511 18.349 0.028 4.62 535.0
2455736.74719 18.354 0.031 4.94 601.0
2455736.80281 18.348 0.034 5.14 661.0
2455736.84990 18.269 0.032 5.16 703.0
2455736.89666 18.304 0.041 6.56 884.0
2455737.53601 18.396 0.036 5.31 697.0
2455737.57600 18.303 0.028 4.54 624.0
2455737.63027 18.332 0.027 4.07 561.0
2455737.67103 18.332 0.027 4.15 528.0
2455737.72556 18.276 0.027 4.70 529.0
2455737.76496 18.350 0.032 5.75 565.0
2455737.80566 18.289 0.032 5.83 598.0
2455737.85125 18.396 0.037 5.83 671.0
2455737.89311 18.243 0.036 6.41 747.0
2455738.60426 18.340 0.032 5.07 588.0
2455738.65740 18.376 0.029 4.52 557.0
2455738.71183 18.284 0.028 4.78 593.0
2455738.75137 18.389 0.033 6.28 603.0
2455739.54245 18.368 0.043 5.89 755.0
2455739.58067 18.285 0.036 5.71 636.0
2455739.62126 18.322 0.032 5.30 573.0
2455739.68843 18.328 0.031 5.08 544.0
2455739.72792 18.220 0.031 5.68 575.0
2455739.76688 18.257 0.033 5.94 623.0
2455739.80934 18.265 0.040 7.15 662.0
2455739.86272 18.444 0.050 6.88 732.0
2455740.51662 18.392 0.047 6.50 776.0
2455740.56129 18.286 0.046 6.85 727.0
2455740.62300 18.328 0.059 8.77 632.0
2455740.66491 18.297 0.037 5.86 610.0
2455740.72561 18.362 0.043 6.46 625.0
2455740.76542 18.336 0.034 5.54 629.0
2455740.81005 18.349 0.041 6.50 685.0
2455740.84829 18.291 0.044 7.46 745.0
2455741.49701 18.296 0.047 6.74 816.0
2455741.53525 18.295 0.035 5.45 708.0
2455741.58054 18.395 0.037 5.35 629.0
2455741.61834 18.271 0.033 5.52 584.0
2455741.65639 18.400 0.037 5.65 558.0
2455741.71759 18.369 0.036 5.93 586.0
2455741.75914 18.262 0.031 5.63 557.0
2455741.79757 18.432 0.036 5.35 607.0
2455741.83559 18.303 0.035 5.76 667.0
2455741.87375 18.193 0.031 6.22 687.0
2455742.50743 18.267 0.036 4.99 810.0
2455742.55039 18.279 0.038 5.36 819.0
2455742.59150 18.304 0.034 5.33 640.0
2455742.64007 18.331 0.030 4.71 572.0
2455742.69186 18.391 0.031 4.55 555.0
2455742.73084 18.299 0.028 4.80 558.0
2455742.76886 18.330 0.030 4.84 598.0
2455742.80717 18.323 0.031 5.14 631.0
2455742.84738 18.234 0.030 5.96 638.0
2455743.60264 18.308 0.049 7.38 780.0
2455743.64114 18.311 0.042 6.78 634.0
2455743.68206 18.330 0.036 5.28 620.0
2455743.74184 18.341 0.038 5.59 687.0
2455743.78005 18.234 0.039 6.15 700.0
2455743.81808 18.240 0.035 5.29 694.0
2455743.85580 18.415 0.051 6.42 812.0
2455744.49968 18.298 0.056 7.58 911.0
2455744.53775 18.298 0.043 6.19 747.0
2455744.57623 18.313 0.044 6.65 713.0
2455744.61438 18.248 0.037 5.72 703.0
2455744.67526 18.421 0.036 5.48 596.0
2455744.74866 18.332 0.033 5.49 570.0
2455744.79475 18.372 0.036 5.72 612.0
2455744.83958 18.295 0.044 6.82 706.0
2455745.48880 18.183 0.043 7.69 698.0
2455745.52727 18.258 0.047 7.55 700.0
2455745.57401 18.318 0.039 6.22 638.0
2455745.61424 18.326 0.043 6.68 660.0
2455745.66371 18.336 0.032 5.13 604.0
2455745.71334 18.334 0.034 5.63 627.0
2455745.75132 18.408 0.040 6.74 605.0
2455745.78941 18.330 0.048 7.88 631.0
2455746.54137 18.478 0.047 6.93 898.0
2455746.59557 18.264 0.034 5.78 618.0
2455746.63346 18.224 0.039 7.10 586.0
2455746.70213 18.284 0.035 5.93 584.0
2455746.73989 18.352 0.037 5.94 599.0
2455746.77750 18.322 0.043 6.73 658.0
2455746.81992 18.374 0.049 7.25 665.0
2455747.58732 18.342 0.065 8.87 768.0
2455747.63067 18.237 0.040 6.93 618.0
2455747.67701 18.264 0.045 7.46 622.0
2455747.72001 18.161 0.044 8.10 636.0
2455747.76409 18.312 0.050 7.84 656.0
2455748.60632 18.323 0.038 5.79 718.0
2455748.65647 18.325 0.034 5.35 613.0
2455749.50179 18.276 0.049 7.54 788.0
2455749.53962 18.351 0.039 5.92 679.0
2455749.57747 18.363 0.039 6.24 619.0
2455749.61699 18.332 0.033 5.32 607.0
2455749.66707 18.276 0.039 6.61 605.0
2455749.70620 18.455 0.053 7.94 604.0
2455749.74441 18.249 0.042 7.54 619.0
2455749.78293 18.342 0.050 8.19 624.0
2455752.54609 18.438 0.057 7.25 859.0
2455752.58395 18.306 0.051 7.24 797.0
2455752.63730 18.509 0.050 6.65 639.0
2455752.69053 18.398 0.040 6.02 801.0
2455752.73503 18.346 0.037 6.79 590.0
2455752.77491 18.527 0.057 7.41 837.0
2455753.52319 18.355 0.086 7.67 2461.0
2455753.57230 18.225 0.061 8.12 1299.0
2455753.62556 18.383 0.087 8.01 2013.0
2455753.71149 18.414 0.058 6.83 1357.0
2455753.78697 18.470 0.077 7.82 1607.0
2455759.80870 18.304 0.060 7.53 1094.0
2455760.46670 18.377 0.061 6.71 1301.0
2455760.50463 18.298 0.049 7.27 814.0
2455760.56098 18.296 0.041 6.26 788.0
2455760.66001 18.397 0.042 6.37 727.0
2455760.70131 18.427 0.045 6.41 786.0
2455760.75014 18.338 0.042 6.41 792.0
2455760.78812 18.436 0.043 6.08 840.0
2455760.82575 18.300 0.049 6.83 952.0
2455761.52105 18.469 0.027 4.62 518.0
2455761.56423 18.339 0.020 3.81 484.0
2455762.48531 18.380 0.044 6.04 712.0
2455762.52593 18.397 0.044 5.80 697.0
2455762.56410 18.341 0.036 5.26 660.0
2455762.60595 18.330 0.036 5.37 641.0
2455762.64491 18.302 0.042 6.71 647.0
2455762.72047 18.309 0.045 6.80 707.0
2455763.47624 18.338 0.044 6.25 832.0
2455763.51887 18.331 0.031 4.74 673.0
2455763.56056 18.271 0.025 3.87 613.0
2455763.61463 18.422 0.042 6.03 632.0
2455763.66276 18.399 0.036 5.64 642.0
2455763.70316 18.295 0.042 7.51 724.0
2455763.74811 18.448 0.044 6.43 801.0
2455763.78611 18.439 0.055 7.43 845.0
2455764.48068 18.263 0.035 5.33 744.0
2455764.52473 18.382 0.033 4.88 628.0
2455764.56446 18.370 0.034 4.97 689.0
2455764.60752 18.315 0.027 4.29 588.0
2455764.65480 18.264 0.028 5.05 550.0
2455764.70292 18.441 0.036 5.66 603.0
2455764.74903 18.328 0.036 6.20 647.0
2455765.48330 18.243 0.032 5.10 754.0
2455765.52612 18.330 0.037 5.50 740.0
2455765.57806 18.267 0.028 4.25 705.0
2455765.63374 18.398 0.034 4.76 680.0
2455765.67718 18.348 0.039 6.11 738.0
2455765.72214 18.315 0.038 6.68 685.0
2455765.76539 18.381 0.052 8.21 734.0
2455766.49572 18.364 0.039 6.00 641.0
2455766.53529 18.343 0.033 5.27 600.0
2455766.59954 18.326 0.027 4.11 539.0
2455766.63899 18.409 0.032 4.93 556.0
2455766.67978 18.340 0.032 5.60 552.0
2455766.72444 18.288 0.043 7.39 581.0
2455767.47285 18.320 0.049 6.76 839.0
2455767.51667 18.234 0.037 6.02 686.0
2455767.55980 18.365 0.038 5.64 691.0
2455767.60392 18.274 0.037 5.98 662.0
2455767.67170 18.356 0.037 5.67 661.0
2455767.72551 18.354 0.041 6.39 675.0
2455767.76759 18.382 0.049 7.45 647.0
2455768.47206 18.250 0.035 5.36 768.0
2455768.51239 18.275 0.034 5.62 645.0
2455768.57274 18.342 0.031 4.67 647.0
2455768.61554 18.348 0.033 5.43 619.0
2455768.66220 18.340 0.031 5.67 591.0
2455768.71236 18.325 0.031 5.64 594.0
2455768.75265 18.446 0.046 7.00 657.0
2455768.79133 18.346 0.038 6.29 714.0
2455769.49753 18.370 0.036 5.03 695.0
2455769.53871 18.256 0.027 4.68 581.0
2455769.59382 18.305 0.030 5.29 530.0
2455769.66115 18.314 0.028 5.23 524.0
2455769.71065 18.300 0.031 5.14 620.0
2455769.75302 18.281 0.035 6.00 627.0
2455770.65356 18.309 0.044 7.04 669.0
2455770.73827 18.263 0.034 4.94 648.0
2455775.55273 18.317 0.047 7.60 622.0
2455775.61954 18.301 0.043 6.98 598.0
2455775.69676 18.439 0.036 6.53 434.0
2455776.57478 18.299 0.042 6.51 669.0
2455776.62279 18.287 0.041 6.97 612.0
2455776.68862 18.270 0.039 6.89 620.0
2455776.73800 18.357 0.056 8.75 651.0
2455777.49420 18.317 0.032 4.91 692.0
2455777.54432 18.344 0.028 4.32 616.0
2455777.59080 18.409 0.044 7.00 627.0
2455777.67101 18.326 0.033 5.97 584.0
2455777.72159 18.368 0.036 6.13 599.0
2455778.47765 18.310 0.056 7.78 835.0
2455778.52922 18.381 0.047 6.32 746.0
2455778.57567 18.263 0.040 5.65 775.0
2455778.62383 18.480 0.052 6.82 826.0
2455779.61324 18.398 0.033 5.51 607.0
2455779.65953 18.348 0.038 6.27 632.0
2455779.71206 18.359 0.041 6.71 662.0
2455784.51126 18.391 0.050 4.61 1502.0
2455784.59747 18.403 0.041 4.88 929.0
2455784.70574 18.396 0.074 5.59 2635.0
2455785.47565 18.369 0.057 6.62 1029.0
2455785.53962 18.390 0.058 6.84 922.0
2455785.59207 18.278 0.043 5.82 886.0
2455785.64125 18.276 0.053 7.23 921.0
2455785.68222 18.331 0.047 6.62 934.0
2455785.72402 18.158 0.050 7.93 1033.0
2455786.52298 18.276 0.051 6.55 962.0
2455786.58523 18.368 0.042 5.46 861.0
2455786.62937 18.364 0.041 5.16 855.0
2455786.67198 18.317 0.047 6.38 888.0
2455786.72893 18.350 0.055 7.04 1053.0
2455787.49109 18.345 0.042 5.57 892.0
2455787.56237 18.333 0.036 5.03 823.0
2455787.60651 18.356 0.037 5.30 819.0
2455787.64917 18.362 0.038 5.07 865.0
2455787.69047 18.261 0.037 5.68 914.0
2455787.73757 18.296 0.052 7.67 1055.0
2455788.50593 18.227 0.038 5.89 731.0
2455788.57023 18.217 0.038 6.43 749.0
2455788.60889 18.304 0.041 5.76 795.0
2455788.65066 18.288 0.040 5.91 779.0
2455788.69157 18.313 0.058 7.92 879.0
2455788.73309 18.389 0.064 8.27 977.0
2455790.48750 18.333 0.038 6.03 642.0
2455790.53732 18.422 0.042 6.16 623.0
2455790.58930 18.320 0.048 7.44 696.0
2455790.62849 18.314 0.046 7.21 709.0
2455790.66944 18.318 0.040 6.39 687.0
2455790.70971 18.454 0.048 6.54 818.0
2455791.47588 18.200 0.048 7.45 808.0
2455791.52598 18.334 0.045 6.77 668.0
2455793.47605 18.331 0.045 6.48 800.0
2455793.54080 18.358 0.038 6.01 639.0
2455793.58337 18.355 0.038 5.98 619.0
2455793.62420 18.348 0.040 6.28 625.0
2455793.66288 18.364 0.036 5.84 626.0
2455793.70427 18.314 0.039 6.12 687.0
2455794.47807 18.374 0.052 7.59 706.0
2455794.53788 18.337 0.038 5.75 601.0
2455794.59039 18.321 0.039 6.28 620.0
2455794.62906 18.361 0.042 6.62 631.0
2455794.67664 18.336 0.040 6.54 664.0
2455795.52877 18.362 0.053 7.50 648.0
2455795.58587 18.306 0.049 7.51 656.0
2455795.64220 18.370 0.041 5.62 632.0
2455795.72390 18.393 0.046 6.90 660.0
2455796.50208 18.410 0.043 6.04 675.0
2455796.56750 18.439 0.049 7.30 675.0
2455796.61086 18.307 0.037 6.50 639.0
2455796.65091 18.450 0.047 7.03 621.0
2455796.69399 18.400 0.049 7.36 715.0
2455798.67532 18.400 0.058 8.37 689.0
2455801.48139 18.381 0.039 5.78 674.0
2455801.54605 18.278 0.038 6.34 610.0
2455801.58499 18.201 0.036 6.65 600.0
2455801.62312 18.300 0.051 7.91 653.0
2455801.66448 18.319 0.040 6.27 639.0
2455802.52205 18.325 0.047 7.03 678.0
2455802.57890 18.267 0.041 6.63 668.0
2455803.50972 18.220 0.035 5.83 658.0
2455803.59100 18.340 0.049 7.33 708.0
2455804.52873 18.392 0.035 5.17 620.0
2455804.56698 18.315 0.033 5.21 608.0
2455804.60735 18.308 0.038 6.13 616.0
2455804.64526 18.397 0.045 6.62 677.0
2455804.68923 18.357 0.044 6.86 740.0
2455805.50552 18.266 0.029 4.92 606.0
2455805.55801 18.346 0.029 4.59 575.0
2455805.59586 18.370 0.034 5.20 602.0
2455805.64219 18.421 0.049 7.30 678.0
2455806.49857 18.352 0.047 6.67 722.0
2455806.55514 18.308 0.047 6.72 746.0
2455807.55183 18.303 0.049 7.15 684.0
2455807.59339 18.352 0.049 6.76 702.0
2455807.63571 18.451 0.056 7.15 688.0
2455812.49862 18.336 0.058 7.08 980.0
2455812.53891 18.407 0.063 7.22 989.0
2455812.57815 18.298 0.047 5.63 979.0
2455812.61809 18.389 0.053 5.93 991.0
2455812.65778 18.214 0.076 7.56 1901.0
2455813.51994 18.420 0.045 6.26 845.0
2455813.56198 18.363 0.037 4.86 854.0
2455813.60020 18.360 0.036 5.19 881.0
2455813.63796 18.471 0.044 6.12 924.0
2455815.47856 18.369 0.049 5.95 1082.0
2455815.53151 18.275 0.032 4.61 786.0
2455815.56997 18.353 0.033 4.63 794.0
2455815.61717 18.426 0.035 4.29 884.0
2455815.65345 18.359 0.034 4.62 950.0
2455816.50286 18.332 0.035 5.06 792.0
2455816.55036 18.512 0.048 5.56 866.0
2455816.58869 18.298 0.040 5.77 878.0
2455816.62671 18.240 0.059 8.62 933.0
2455817.50402 18.347 0.036 5.25 760.0
2455817.55136 18.200 0.039 6.38 798.0
2455817.59054 18.380 0.044 6.03 835.0
2455817.62838 18.420 0.051 7.26 864.0
2455818.48326 18.268 0.042 6.25 804.0
2455818.53278 18.382 0.045 5.89 791.0
2455818.57078 18.307 0.043 6.05 811.0
2455818.61110 18.353 0.054 6.55 932.0
2455819.48331 18.403 0.046 5.91 855.0
2455819.54148 18.347 0.042 6.13 795.0
2455819.57908 18.378 0.041 5.76 806.0
2455819.61837 18.326 0.036 5.21 863.0
2455819.65530 18.305 0.045 6.52 982.0
2455820.51017 18.452 0.057 7.39 791.0
2455820.55714 18.244 0.037 5.71 737.0
2455820.59498 18.428 0.042 5.16 783.0
2455820.63277 18.334 0.053 6.75 901.0
2455822.52378 18.386 0.055 7.63 638.0
2455822.56873 18.299 0.044 6.96 617.0
2455822.61222 18.453 0.043 5.71 658.0
2455823.50035 18.366 0.059 7.97 723.0
2455823.54366 18.335 0.049 6.74 715.0
2455823.58719 18.383 0.042 5.75 709.0
2455823.62766 18.273 0.046 7.01 744.0
2455824.52600 18.325 0.036 5.45 652.0
2455824.56524 18.327 0.034 5.21 638.0
2455824.60646 18.373 0.044 6.43 671.0
2455825.48598 18.358 0.056 7.73 803.0
2455825.53556 18.326 0.041 5.92 723.0
2455825.58191 18.303 0.037 5.38 745.0
2455825.62425 18.381 0.044 7.18 704.0
2455826.50505 18.324 0.046 6.70 695.0
2455826.55373 18.323 0.044 6.12 708.0
2455826.59322 18.309 0.052 7.38 776.0
2455827.49345 18.360 0.059 8.11 809.0
2455827.53113 18.406 0.057 7.21 816.0
2455827.57397 18.225 0.044 6.73 805.0
2455827.61154 18.402 0.049 7.03 746.0
2455828.50460 18.404 0.039 5.27 641.0
2455828.54450 18.296 0.035 5.34 640.0
2455828.58214 18.320 0.040 6.26 675.0
2455828.61686 18.318 0.039 5.82 744.0
2455829.51735 18.414 0.042 5.80 727.0
2455829.55527 18.376 0.038 6.16 725.0
2455829.59355 18.291 0.036 6.93 707.0
2455830.48122 18.268 0.035 4.99 932.0
2455830.53052 18.338 0.031 5.10 645.0
2455830.56818 18.255 0.038 6.70 675.0
2455830.60643 18.249 0.042 7.02 671.0
2455831.52928 18.309 0.034 5.59 662.0
2455831.56683 18.382 0.038 6.39 664.0
2455831.60258 18.361 0.046 8.18 721.0
2455832.51269 18.357 0.033 5.11 695.0
2455832.55226 18.387 0.044 6.75 725.0
2455832.59189 18.301 0.050 7.35 776.0
2455833.51036 18.379 0.039 5.47 691.0
2455833.55024 18.322 0.034 5.14 648.0
2455833.58807 18.339 0.047 7.28 688.0
2455834.50984 18.293 0.031 4.92 647.0
2455834.54751 18.340 0.035 5.53 631.0
2455834.58688 18.247 0.036 4.95 678.0
2455835.53097 18.228 0.051 7.43 780.0
2455836.48452 18.407 0.076 6.80 1803.0
2455836.52807 18.457 0.063 5.43 1453.0
2455839.48425 18.362 0.057 6.49 1328.0
2455839.52416 18.282 0.050 7.35 907.0
2455839.56310 18.311 0.050 6.75 972.0
2455839.59348 18.424 0.081 7.12 2039.0
2455840.51235 18.338 0.047 6.34 851.0
2455840.56479 18.300 0.040 5.25 885.0
2455840.60693 18.332 0.045 5.76 983.0
2455841.51024 18.437 0.060 6.87 945.0
2455841.54982 18.431 0.050 5.55 969.0
2455841.59286 18.365 0.054 6.22 1036.0
2455842.51224 18.284 0.063 8.08 906.0
2455842.55637 18.322 0.049 6.04 923.0
2455842.59682 18.265 0.058 7.58 1058.0
2455843.51383 18.377 0.050 6.74 860.0
2455843.55466 18.336 0.048 6.69 870.0
2455843.59515 18.411 0.064 7.53 957.0
2455844.49815 18.384 0.046 5.91 897.0
2455844.53760 18.360 0.048 6.08 915.0
2455844.57839 18.292 0.055 6.99 1025.0
2455845.49849 18.342 0.053 7.03 899.0
2455845.53830 18.407 0.048 5.74 976.0
2455845.57865 18.364 0.076 8.44 1169.0
2455846.50235 18.387 0.065 7.10 1060.0
2455846.54034 18.295 0.063 7.35 1146.0
2455846.57918 18.568 0.089 7.43 1326.0
2455850.51306 18.275 0.036 5.75 784.0
2455850.55167 18.275 0.042 6.65 777.0
2455851.50198 18.308 0.038 6.04 728.0
2455851.54032 18.409 0.042 5.93 723.0
2455852.48985 18.465 0.079 7.20 1417.0
2455852.52980 18.366 0.064 7.76 1003.0
2455854.49335 18.383 0.066 6.68 1276.0
2455854.53655 18.271 0.043 5.78 911.0
2455855.52237 18.408 0.052 5.72 931.0
2455855.55033 18.376 0.049 6.17 923.0
2455856.52237 18.429 0.057 6.58 893.0
2455857.49233 18.324 0.069 7.51 1460.0
2455858.49477 18.259 0.062 7.69 1206.0
2455859.49353 18.460 0.076 6.36 1749.0
2455859.53095 18.341 0.045 6.09 882.0
2455860.50703 18.343 0.048 6.54 861.0
2455861.49539 18.130 0.053 6.49 1651.0
2455862.51508 18.359 0.046 6.46 775.0
2455866.50758 18.398 0.068 7.00 1436.0
2455866.52307 18.097 0.052 7.62 1399.0
2455867.51076 18.406 0.044 5.35 980.0
2455868.51210 18.340 0.054 7.00 1066.0
2455869.50303 18.396 0.060 5.41 1485.0
2455870.50767 18.366 0.044 6.27 1215.0
2455872.49625 18.414 0.093 6.72 3798.0
2455873.49744 18.399 0.083 5.44 3109.0
2455960.87838 17.701 0.024 5.82 959.0
2455961.87355 17.739 0.027 7.90 854.0
2455962.87821 17.668 0.024 6.68 794.0
2455963.87886 17.717 0.026 7.61 771.0
2455964.87393 17.681 0.029 7.65 1006.0
2455965.88130 17.724 0.024 5.72 995.0
2455967.88636 17.766 0.029 6.44 1530.0
2455968.87934 17.685 0.025 6.54 911.0
2455969.88578 17.883 0.036 7.42 1080.0
2455971.86013 17.900 0.028 7.25 782.0
2455972.87575 17.943 0.030 6.75 1186.0
2455976.86561 18.052 0.031 7.03 623.0
2455977.82369 18.045 0.035 7.17 775.0
2455977.86451 17.974 0.028 6.08 717.0
2455978.83656 18.013 0.033 8.61 665.0
2455978.87495 18.082 0.030 7.05 631.0
2455979.82735 17.944 0.033 7.95 700.0
2455979.86679 18.147 0.034 7.13 661.0
2455980.84833 18.056 0.041 8.53 694.0
2455982.81410 18.067 0.030 6.35 664.0
2455982.85275 18.075 0.027 6.07 594.0
2455982.90000 18.192 0.037 5.45 1107.0
2455983.84452 18.050 0.029 6.31 653.0
2455983.89207 18.141 0.023 4.31 611.0
2455984.82986 18.121 0.032 6.72 635.0
2455984.86480 18.224 0.027 5.24 583.0
2455985.81385 18.091 0.035 7.45 747.0
2455985.84880 18.117 0.035 7.20 705.0
2455985.89249 18.110 0.032 6.49 660.0
2455986.82707 18.164 0.035 7.26 716.0
2455986.86543 18.145 0.028 5.73 624.0
2455987.81330 18.119 0.035 6.84 755.0
2455987.84189 18.146 0.030 5.72 686.0
2455987.89130 18.242 0.031 5.03 637.0
2455988.81797 18.145 0.038 7.29 695.0
2455988.85892 18.235 0.036 6.07 670.0
2455988.90565 18.164 0.046 5.09 1931.0
2455989.82842 18.094 0.035 7.57 602.0
2455989.87016 18.229 0.037 7.05 566.0
2455990.79926 18.138 0.033 7.30 603.0
2455990.83296 18.242 0.032 6.29 592.0
2455990.87437 18.179 0.032 6.27 591.0
2455991.80663 18.224 0.046 7.78 786.0
2455991.84947 18.204 0.031 5.82 594.0
2455991.90103 18.205 0.028 5.15 673.0
2455992.82456 18.207 0.035 6.22 780.0
2455992.86664 18.273 0.031 5.94 624.0
2455993.78929 18.189 0.053 8.37 901.0
2455993.83209 18.116 0.041 7.30 793.0
2455993.87195 18.180 0.035 6.15 716.0
2455994.80095 18.280 0.039 5.48 1051.0
2455994.82633 18.205 0.033 5.05 917.0
2455994.87704 18.293 0.037 5.54 820.0
2455995.78764 18.251 0.036 5.10 995.0
2455995.80896 18.199 0.032 4.89 914.0
2455995.84214 18.163 0.031 4.81 837.0
2455995.89128 18.205 0.031 5.34 758.0
2455996.79574 18.281 0.039 5.88 842.0
2455996.83332 18.185 0.029 5.18 765.0
2455996.88008 18.242 0.026 4.32 678.0
2455997.79120 18.358 0.044 6.87 810.0
2455997.82718 18.292 0.033 5.39 743.0
2455997.87554 18.177 0.028 5.13 712.0
2455997.91327 18.308 0.045 4.42 1994.0
2455998.80303 18.218 0.033 5.29 795.0
2455998.85201 18.194 0.027 4.58 703.0
2455998.89331 18.253 0.029 4.91 684.0
2455999.78743 18.265 0.039 6.33 852.0
2455999.83644 18.247 0.032 5.03 801.0
2455999.87437 18.280 0.029 4.55 738.0
2455999.91237 18.306 0.033 4.18 1051.0
2456002.80458 18.174 0.054 5.96 1889.0
2456002.83742 18.269 0.053 5.03 1908.0
2456002.87814 18.253 0.044 4.41 1868.0
2456003.85284 18.316 0.046 7.20 737.0
2456003.89954 18.357 0.040 5.93 720.0
2456004.78467 18.281 0.036 6.64 681.0
2456004.83259 18.262 0.031 5.56 663.0
2456004.88105 18.280 0.030 5.11 633.0
2456004.91899 18.200 0.049 4.13 3335.0
2456005.78719 18.317 0.033 6.55 610.0
2456005.83008 18.239 0.035 5.89 615.0
2456005.89411 18.272 0.022 3.73 534.0
2456006.76094 18.199 0.032 5.85 626.0
2456006.80399 18.257 0.027 4.46 568.0
2456006.86362 18.279 0.029 5.11 577.0
2456006.90197 18.227 0.027 4.85 576.0
2456007.76548 18.288 0.034 6.04 599.0
2456007.81287 18.309 0.030 4.94 584.0
2456007.86090 18.229 0.026 4.55 541.0
2456007.89889 18.334 0.026 4.11 558.0
2456008.75754 18.349 0.039 6.40 678.0
2456008.79641 18.341 0.037 6.17 617.0
2456008.85303 18.352 0.044 7.62 616.0
2456008.89222 18.287 0.034 5.93 590.0
2456009.75194 18.211 0.034 6.67 683.0
2456009.78480 18.242 0.029 5.71 633.0
2456009.84233 18.308 0.030 4.89 649.0
2456009.88012 18.300 0.028 4.73 610.0
2456009.91799 18.207 0.035 4.25 1401.0
2456010.76326 18.290 0.037 6.88 755.0
2456010.81234 18.308 0.029 5.40 607.0
2456010.86231 18.419 0.028 4.52 585.0
2456010.89990 18.260 0.026 4.71 564.0
2456011.74675 18.184 0.039 7.03 692.0
2456011.79246 18.298 0.035 5.75 598.0
2456011.86784 18.371 0.041 5.45 975.0
2456011.90612 18.362 0.040 4.57 988.0
2456012.75098 18.235 0.035 6.81 580.0
2456012.79430 18.247 0.031 6.22 549.0
2456012.84366 18.343 0.030 5.20 527.0
2456012.89073 18.272 0.024 4.36 502.0
2456013.74779 18.377 0.040 7.21 582.0
2456013.74997 18.300 0.039 7.40 583.0
2456013.78774 18.329 0.031 5.77 534.0
2456013.82882 18.420 0.032 5.39 531.0
2456013.88988 18.282 0.027 4.92 517.0
2456014.72512 18.278 0.040 7.28 635.0
2456014.76470 18.301 0.029 5.34 580.0
2456014.80293 18.275 0.028 5.35 547.0
2456014.86309 18.311 0.029 5.05 515.0
2456014.90222 18.261 0.029 5.16 529.0
2456015.74173 18.363 0.033 5.99 606.0
2456015.78116 18.293 0.028 5.53 543.0
2456015.81988 18.209 0.023 4.65 522.0
2456015.86903 18.260 0.024 4.11 524.0
2456015.91099 18.306 0.027 4.24 570.0
2456016.75306 18.289 0.029 5.18 588.0
2456016.79286 18.300 0.029 4.59 571.0
2456016.83297 18.288 0.026 4.32 559.0
2456016.89631 18.328 0.025 4.08 551.0
2456017.72819 18.320 0.034 6.23 616.0
2456017.76651 18.232 0.020 4.95 363.0
2456017.80466 18.245 0.022 4.18 518.0
2456017.84410 18.283 0.021 4.06 464.0
2456017.90177 18.347 0.024 3.94 479.0
2456018.79345 18.256 0.029 5.38 532.0
2456018.83329 18.326 0.029 4.71 542.0
2456018.87509 18.358 0.025 3.89 519.0
2456019.73009 18.303 0.039 6.43 683.0
2456019.76862 18.317 0.031 5.32 588.0
2456019.82724 18.296 0.041 6.62 589.0
2456019.86514 18.364 0.027 4.27 546.0
2456019.90363 18.269 0.024 4.12 524.0
2456020.71376 18.330 0.041 6.55 698.0
2456020.75257 18.255 0.031 5.48 627.0
2456020.80862 18.288 0.026 4.55 552.0
2456020.84686 18.268 0.023 4.07 512.0
2456020.88607 18.297 0.027 4.61 542.0
2456020.92697 18.391 0.055 4.74 1939.0
2456021.73521 18.315 0.037 5.82 740.0
2456021.77426 18.282 0.031 5.35 667.0
2456021.81237 18.209 0.028 5.06 619.0
2456021.85170 18.339 0.028 4.53 592.0
2456021.90979 18.318 0.028 4.38 605.0
2456022.72284 18.340 0.041 6.37 831.0
2456022.76097 18.233 0.029 5.03 725.0
2456022.79928 18.267 0.029 4.57 687.0
2456022.85665 18.376 0.034 5.06 672.0
2456022.89656 18.268 0.026 4.38 595.0
2456023.71586 18.178 0.037 6.43 918.0
2456023.75598 18.312 0.032 4.96 845.0
2456023.79648 18.240 0.028 4.58 767.0
2456023.83757 18.297 0.031 4.47 771.0
2456023.89993 18.329 0.036 4.27 1041.0
2456024.71051 18.356 0.051 6.85 1076.0
2456024.75080 18.227 0.036 6.07 873.0
2456024.78985 18.379 0.046 6.38 847.0
2456024.85230 18.306 0.029 4.04 786.0
2456024.90213 18.381 0.037 4.51 887.0
2456025.69862 18.261 0.053 7.31 1100.0
2456025.74023 18.247 0.045 6.56 923.0
2456025.77820 18.271 0.037 5.63 856.0
2456025.82026 18.246 0.038 5.67 803.0
2456025.88224 18.263 0.036 5.26 793.0
2456026.71358 18.093 0.055 8.20 1280.0
2456031.77899 18.289 0.036 6.77 637.0
2456031.81839 18.408 0.036 5.62 649.0
2456031.85963 18.404 0.037 5.41 682.0
2456031.91085 18.207 0.048 7.83 739.0
2456032.69504 18.348 0.045 7.22 743.0
2456032.73535 18.299 0.032 5.66 636.0
2456032.78336 18.301 0.030 5.22 614.0
2456032.83160 18.306 0.031 5.30 589.0
2456032.87482 18.354 0.029 4.52 578.0
2456032.91564 18.347 0.030 4.57 597.0
2456033.70795 18.230 0.039 7.29 639.0
2456033.75636 18.283 0.039 6.79 636.0
2456033.81287 18.255 0.031 5.46 605.0
2456033.86699 18.323 0.031 4.96 604.0
2456033.90886 18.279 0.037 6.06 652.0
2456034.70433 18.360 0.034 5.98 599.0
2456034.75275 18.279 0.032 5.71 585.0
2456034.79663 18.266 0.024 4.19 549.0
2456034.85934 18.504 0.039 5.21 598.0
2456034.89729 18.308 0.031 4.61 628.0
2456035.83851 18.210 0.029 5.22 623.0
2456035.89607 18.375 0.037 5.69 637.0
2456036.69985 18.255 0.033 6.54 578.0
2456036.74219 18.342 0.031 5.56 598.0
2456036.79410 18.287 0.025 4.56 562.0
2456036.81917 18.290 0.023 4.05 547.0
2456036.86386 18.295 0.024 3.89 597.0
2456036.91903 18.313 0.029 4.70 642.0
2456037.72675 18.261 0.037 6.81 631.0
2456037.76810 18.361 0.039 6.37 618.0
2456037.82171 18.279 0.030 4.74 633.0
2456037.88244 18.372 0.034 4.74 707.0
2456037.92202 18.272 0.042 6.10 841.0
2456038.73700 18.279 0.036 6.63 594.0
2456038.77720 18.343 0.037 6.28 574.0
2456038.82151 18.298 0.031 5.22 611.0
2456038.84429 18.316 0.030 4.85 609.0
2456038.86329 18.330 0.031 4.99 613.0
2456038.87117 18.388 0.033 5.01 614.0
2456038.88764 18.219 0.030 5.41 628.0
2456038.90683 18.529 0.045 6.02 634.0
2456038.93113 18.340 0.050 5.86 1192.0
2456039.75798 18.214 0.041 7.28 638.0
2456039.80463 18.287 0.037 6.37 640.0
2456039.86624 18.259 0.035 6.07 645.0
2456039.90939 18.292 0.034 5.54 661.0
2456040.73712 18.308 0.043 7.43 610.0
2456040.77806 18.217 0.034 6.46 611.0
2456040.81819 18.291 0.033 5.55 635.0
2456040.88287 18.395 0.037 5.34 657.0
2456040.92135 18.356 0.034 5.17 658.0
2456041.72484 18.333 0.043 7.89 641.0
2456041.77008 18.297 0.033 6.17 632.0
2456041.82186 18.276 0.032 5.53 633.0
2456041.87463 18.319 0.032 4.93 655.0
2456041.91483 18.391 0.034 4.88 667.0
2456045.90891 18.299 0.031 5.07 689.0
2456046.87926 18.266 0.029 4.75 628.0
2456046.91993 18.305 0.032 5.10 648.0
2456047.69443 18.315 0.038 6.42 640.0
2456047.73207 18.230 0.029 5.74 574.0
2456047.77241 18.341 0.029 4.83 591.0
2456047.82272 18.280 0.027 4.51 611.0
2456047.88552 18.226 0.031 5.26 707.0
2456047.92615 18.269 0.032 5.44 762.0
2456048.71068 18.286 0.031 4.78 688.0
2456048.76282 18.354 0.030 4.73 589.0
2456048.81199 18.433 0.037 6.29 561.0
2456048.85515 18.345 0.030 5.53 534.0
2456048.90115 18.381 0.034 5.55 583.0
2456049.67944 18.299 0.036 6.08 714.0
2456049.73237 18.299 0.029 5.05 624.0
2456049.78288 18.250 0.024 4.32 581.0
2456049.83115 18.323 0.025 3.83 578.0
2456049.87392 18.384 0.031 4.56 632.0
2456049.91300 18.308 0.029 4.83 642.0
2456050.66929 18.269 0.042 7.26 749.0
2456050.70759 18.165 0.033 6.07 699.0
2456050.76791 18.268 0.031 4.95 694.0
2456050.81769 18.311 0.031 4.62 695.0
2456050.85728 18.339 0.033 4.96 674.0
2456050.89621 18.273 0.030 4.68 697.0
2456050.93488 18.310 0.053 5.52 1580.0
2456051.72778 18.273 0.033 5.33 745.0
2456052.65385 18.390 0.052 6.49 1115.0
2456052.69203 18.254 0.038 5.74 934.0
2456052.74963 18.304 0.037 5.56 813.0
2456052.78845 18.253 0.030 4.58 801.0
2456052.82900 18.363 0.037 4.93 844.0
2456052.86827 18.288 0.030 4.21 871.0
2456052.90714 18.345 0.035 4.82 887.0
2456053.64944 18.274 0.055 6.55 1507.0
2456053.68554 18.340 0.044 5.48 1247.0
2456053.72346 18.332 0.037 4.75 1133.0
2456053.78032 18.260 0.029 4.18 1008.0
2456053.83321 18.367 0.033 3.89 1060.0
2456053.87593 18.405 0.046 4.54 1544.0
2456053.91575 18.344 0.063 4.84 2874.0
2456054.87758 18.346 0.038 4.61 1316.0
2456054.90900 18.350 0.055 4.47 2891.0
2456057.73767 18.191 0.065 6.25 2613.0
2456057.77095 18.333 0.061 5.54 2351.0
2456057.80863 18.305 0.048 4.62 2131.0
2456057.83599 18.350 0.047 4.98 1656.0
2456057.86889 18.418 0.045 4.64 1478.0
2456057.90032 18.389 0.056 5.36 1964.0
2456057.91532 18.348 0.053 4.91 1950.0
2456057.93359 18.479 0.055 4.65 2125.0
2456058.69148 18.238 0.038 7.38 666.0
2456058.73176 18.304 0.050 7.69 692.0
2456058.76944 18.335 0.031 5.25 640.0
2456058.81897 18.439 0.046 6.37 663.0
2456058.86220 18.247 0.036 5.78 698.0
2456058.90187 18.297 0.033 5.23 717.0
2456059.66787 18.292 0.037 6.90 624.0
2456059.70838 18.396 0.040 6.72 625.0
2456059.74636 18.404 0.042 6.69 634.0
2456059.78522 18.285 0.029 4.89 609.0
2456059.84524 18.365 0.030 4.57 626.0
2456059.88426 18.358 0.037 5.71 673.0
2456059.92314 18.287 0.031 5.22 668.0
2456060.79247 18.414 0.036 5.63 599.0
2456061.68496 18.187 0.038 7.56 665.0
2456061.72331 18.342 0.037 5.90 680.0
2456061.78288 18.376 0.031 4.57 649.0
2456061.82466 18.315 0.030 4.77 653.0
2456061.86277 18.236 0.030 5.23 717.0
2456061.90106 18.319 0.039 6.15 765.0
2456061.93984 18.297 0.046 5.80 1455.0
2456062.68267 18.225 0.036 7.29 706.0
2456062.72191 18.297 0.041 6.79 732.0
2456062.76077 18.295 0.036 5.61 746.0
2456062.82215 18.300 0.034 5.25 739.0
2456062.86170 18.342 0.040 5.95 753.0
2456062.89971 18.293 0.036 5.49 829.0
2456062.93758 18.427 0.049 5.59 1299.0
2456063.79133 18.354 0.055 8.42 626.0
2456063.83054 18.324 0.049 7.71 643.0
2456063.87928 18.327 0.039 6.44 658.0
2456063.92690 18.328 0.040 6.02 818.0
2456064.71484 18.346 0.028 4.96 596.0
2456064.75335 18.290 0.023 3.77 599.0
2456064.81776 18.292 0.026 3.97 643.0
2456064.85745 18.288 0.031 4.60 686.0
2456064.89917 18.431 0.038 4.97 720.0
2456064.93765 18.365 0.043 4.96 1059.0
2456065.64807 18.263 0.033 5.37 637.0
2456065.68656 18.300 0.027 4.47 551.0
2456065.73449 18.330 0.029 4.50 555.0
2456065.78638 18.331 0.030 4.47 663.0
2456065.82702 18.309 0.031 4.53 693.0
2456066.61083 18.263 0.037 6.12 728.0
2456066.65039 18.344 0.035 5.45 677.0
2456066.68847 18.309 0.027 4.41 623.0
2456066.72655 18.338 0.033 5.03 679.0
2456066.79154 18.338 0.030 4.52 650.0
2456066.83121 18.276 0.027 4.40 629.0
2456066.87357 18.367 0.029 4.21 683.0
2456066.91186 18.357 0.031 4.73 695.0
2456067.59552 18.308 0.039 6.48 682.0
2456067.63470 18.261 0.030 5.14 605.0
2456067.67549 18.392 0.035 5.43 592.0
2456067.71384 18.216 0.025 4.43 599.0
2456067.76281 18.373 0.027 3.84 590.0
2456067.81427 18.345 0.029 4.62 589.0
2456067.85354 18.369 0.028 4.06 637.0
2456067.89139 18.359 0.036 5.15 733.0
2456067.92923 18.328 0.033 4.72 763.0
2456068.63092 18.384 0.035 5.64 639.0
2456068.68154 18.343 0.032 5.07 612.0
2456068.72844 18.316 0.028 4.65 550.0
2456068.79649 18.396 0.032 4.55 568.0
2456068.85485 18.262 0.025 3.92 633.0
2456068.89957 18.255 0.026 3.81 722.0
2456069.61904 18.400 0.036 5.59 593.0
2456069.67761 18.414 0.033 5.20 567.0
2456069.71933 18.393 0.034 5.38 573.0
2456069.77089 18.265 0.026 4.35 558.0
2456069.82602 18.303 0.028 4.71 549.0
2456069.86854 18.284 0.026 4.20 564.0
2456069.90673 18.312 0.027 4.00 601.0
2456070.58847 18.216 0.039 6.68 684.0
2456070.62702 18.312 0.046 7.55 694.0
2456070.66515 18.307 0.035 6.19 625.0
2456070.70499 18.264 0.028 4.85 571.0
2456070.74295 18.408 0.031 4.73 546.0
2456070.80350 18.365 0.033 5.22 602.0
2456070.84172 18.335 0.034 5.51 618.0
2456070.88197 18.306 0.029 4.87 603.0
2456070.92139 18.339 0.040 6.34 645.0
2456071.58720 18.401 0.045 7.11 662.0
2456071.62706 18.252 0.030 5.66 571.0
2456071.66796 18.349 0.031 5.26 555.0
2456071.70569 18.354 0.028 4.84 525.0
2456071.75352 18.292 0.030 5.29 561.0
2456071.80808 18.298 0.032 5.39 600.0
2456071.84759 18.333 0.034 5.61 608.0
2456071.88576 18.291 0.032 5.98 623.0
2456071.92355 18.210 0.050 8.35 683.0
2456075.62076 18.392 0.027 3.92 568.0
2456075.65919 18.304 0.030 5.17 541.0
2456075.70061 18.386 0.034 5.35 551.0
2456075.75382 18.368 0.026 4.12 528.0
2456075.80315 18.309 0.027 4.63 538.0
2456075.84235 18.323 0.027 4.72 568.0
2456076.57402 18.320 0.037 5.66 755.0
2456076.61218 18.277 0.033 5.62 670.0
2456076.65384 18.369 0.035 5.33 622.0
2456076.70048 18.311 0.027 4.33 587.0
2456076.75756 18.277 0.028 4.81 571.0
2456076.79706 18.421 0.033 5.00 587.0
2456076.83542 18.328 0.039 6.50 627.0
2456076.88479 18.274 0.035 7.20 637.0
2456076.93036 18.370 0.046 7.10 719.0
2456077.71124 18.379 0.034 5.27 608.0
2456077.77380 18.377 0.034 5.69 541.0
2456077.83142 18.353 0.032 5.15 573.0
2456077.87163 18.312 0.036 6.52 609.0
2456077.91304 18.340 0.034 5.49 682.0
2456078.59573 18.477 0.040 4.89 776.0
2456078.63333 18.396 0.041 5.68 723.0
2456078.67185 18.304 0.032 4.58 696.0
2456078.72156 18.396 0.032 4.56 650.0
2456078.77432 18.311 0.028 4.06 719.0
2456078.81430 18.285 0.026 4.37 600.0
2456078.85760 18.333 0.029 4.56 663.0
2456078.89649 18.308 0.030 4.72 732.0
2456079.56099 18.250 0.037 5.70 834.0
2456079.60025 18.290 0.032 4.70 730.0
2456079.63798 18.264 0.029 4.83 623.0
2456079.67893 18.348 0.032 5.00 616.0
2456079.73869 18.367 0.034 4.97 671.0
2456079.79019 18.298 0.032 5.08 703.0
2456079.84137 18.467 0.039 6.04 668.0
2456079.87941 18.324 0.026 4.20 647.0
2456079.91920 18.318 0.032 5.47 716.0
2456080.57045 18.291 0.041 6.05 916.0
2456080.60841 18.276 0.037 5.31 867.0
2456080.64669 18.447 0.038 4.70 841.0
2456080.69336 18.268 0.028 4.31 712.0
2456080.73511 18.282 0.032 4.92 711.0
2456080.77584 18.268 0.037 5.58 749.0
2456080.82406 18.417 0.036 5.28 691.0
2456080.87179 18.284 0.035 6.04 720.0
2456080.91651 18.347 0.030 4.88 608.0
2456081.56607 18.301 0.055 6.82 1237.0
2456081.60402 18.372 0.043 5.26 1072.0
2456081.64343 18.266 0.042 5.84 959.0
2456081.68286 18.391 0.037 4.62 859.0
2456081.72837 18.415 0.040 5.28 851.0
2456081.77738 18.354 0.036 5.16 839.0
2456081.82578 18.353 0.035 4.87 879.0
2456081.86596 18.286 0.035 5.20 942.0
2456081.91408 18.376 0.051 6.73 1051.0
2456082.59610 18.281 0.057 7.28 1217.0
2456082.63483 18.376 0.064 6.80 1320.0
2456082.67447 18.400 0.066 6.68 1354.0
2456082.72461 18.325 0.057 6.21 1325.0
2456082.80194 18.503 0.064 5.93 1425.0
2456082.84000 18.280 0.049 5.60 1421.0
2456082.87699 18.396 0.064 6.35 1588.0
2456085.56050 18.385 0.052 6.44 1091.0
2456085.59952 18.315 0.047 6.39 964.0
2456085.64914 18.386 0.035 4.74 829.0
2456085.68396 18.282 0.034 4.74 868.0
2456085.73354 18.311 0.036 5.05 832.0
2456085.77297 18.374 0.043 5.76 832.0
2456085.81137 18.367 0.043 6.08 824.0
2456085.85015 18.380 0.050 6.69 888.0
2456085.88975 18.273 0.055 7.73 971.0
2456085.93072 18.433 0.069 7.77 1137.0
2456086.58483 18.245 0.035 5.97 697.0
2456086.62316 18.321 0.035 5.35 702.0
2456086.66613 18.275 0.027 4.14 673.0
2456086.71502 18.323 0.027 4.10 653.0
2456086.76854 18.278 0.032 5.16 689.0
2456086.80844 18.278 0.034 5.80 687.0
2456086.85697 18.463 0.046 6.41 783.0
2456086.89838 18.419 0.052 7.09 865.0
2456087.54676 18.269 0.043 7.62 568.0
2456087.60211 18.384 0.037 6.46 508.0
2456087.74567 18.426 0.040 5.73 673.0
2456087.80687 18.354 0.038 5.86 842.0
2456087.84656 18.297 0.041 6.33 798.0
2456088.57435 18.378 0.032 5.42 529.0
2456088.61204 18.350 0.028 4.81 526.0
2456088.65049 18.402 0.030 4.79 551.0
2456088.68861 18.358 0.028 4.35 563.0
2456089.65481 18.378 0.031 4.75 606.0
2456089.69308 18.278 0.028 5.02 560.0
2456089.76422 18.315 0.030 4.89 659.0
2456089.80469 18.357 0.036 5.70 682.0
2456089.87107 18.429 0.038 5.62 675.0
2456092.57268 18.267 0.034 5.83 652.0
2456092.61074 18.312 0.030 5.24 567.0
2456092.65087 18.482 0.042 6.30 554.0
2456092.76832 18.277 0.029 5.34 596.0
2456092.84401 18.294 0.031 5.82 637.0
2456092.89558 18.365 0.049 7.49 765.0
2456093.56313 18.261 0.032 5.53 621.0
2456093.60495 18.419 0.034 5.25 578.0
2456093.64282 18.334 0.036 5.98 566.0
2456093.69077 18.351 0.033 5.45 543.0
2456093.76569 18.339 0.035 5.67 574.0
2456093.80339 18.367 0.044 7.19 604.0
2456093.84320 18.292 0.043 7.45 612.0
2456094.55448 18.356 0.050 7.20 745.0
2456094.61659 18.295 0.040 6.41 678.0
2456094.65420 18.347 0.035 5.21 654.0
2456094.69197 18.269 0.034 5.67 658.0
2456094.75117 18.431 0.037 5.44 658.0
2456094.78878 18.375 0.040 6.40 651.0
2456094.82878 18.221 0.036 6.40 656.0
2456094.87510 18.273 0.045 6.94 751.0
2456096.57472 18.279 0.038 6.86 636.0
2456096.61604 18.427 0.038 6.18 580.0
2456096.66119 18.405 0.038 6.01 580.0
2456096.72298 18.312 0.037 6.47 581.0
2456096.73579 18.262 0.039 6.76 600.0
2456096.77507 18.397 0.039 6.06 624.0
2456096.81434 18.435 0.047 6.85 681.0
2456096.85520 18.221 0.041 6.82 738.0
2456096.89609 18.312 0.051 7.33 840.0
2456097.70983 18.195 0.034 6.06 608.0
2456097.76287 18.244 0.040 7.13 612.0
2456097.80069 18.350 0.034 5.16 640.0
2456097.83824 18.315 0.044 6.64 693.0
2456097.87867 18.284 0.044 6.56 792.0
2456098.54889 18.306 0.045 7.30 677.0
2456098.59768 18.259 0.040 6.89 647.0
2456098.63520 18.260 0.039 6.73 625.0
2456098.67363 18.320 0.036 5.83 607.0
2456098.73665 18.298 0.034 5.81 615.0
2456098.77484 18.269 0.033 5.88 611.0
2456098.81591 18.325 0.042 6.62 671.0
2456098.85398 18.277 0.037 6.22 724.0
2456098.89064 18.364 0.056 7.64 844.0
2456099.71225 18.302 0.044 7.07 671.0
2456099.77900 18.362 0.044 6.89 668.0
2456100.52687 18.428 0.046 6.19 807.0
2456100.58491 18.376 0.052 7.72 672.0
2456100.62240 18.413 0.035 4.92 629.0
2456100.66953 18.303 0.026 4.06 612.0
2456100.72090 18.334 0.037 5.93 615.0
2456100.75930 18.291 0.033 5.43 638.0
2456100.80701 18.298 0.045 7.19 732.0
2456100.84769 18.254 0.051 7.57 840.0
2456100.88784 18.309 0.042 6.74 794.0
2456101.52362 18.240 0.036 5.77 771.0
2456101.56160 18.311 0.036 5.63 726.0
2456101.59912 18.336 0.032 4.99 661.0
2456101.63745 18.427 0.032 4.60 623.0
2456101.67723 18.302 0.026 4.15 563.0
2456101.73913 18.308 0.030 4.94 595.0
2456101.77795 18.410 0.034 5.21 659.0
2456101.82121 18.343 0.037 5.98 804.0
2456101.86417 18.322 0.044 7.03 888.0
2456102.52595 18.392 0.052 5.98 1027.0
2456102.56336 18.362 0.041 5.70 743.0
2456102.62087 18.373 0.036 5.40 626.0
2456102.66025 18.355 0.032 4.78 612.0
2456102.70079 18.328 0.034 5.27 676.0
2456102.73895 18.367 0.028 4.11 647.0
2456102.77775 18.337 0.032 5.41 676.0
2456102.81828 18.282 0.034 5.78 717.0
2456102.85846 18.433 0.045 6.66 823.0
2456103.48721 18.251 0.045 5.85 1051.0
2456103.53018 18.366 0.035 4.63 779.0
2456103.57029 18.228 0.032 4.92 684.0
2456103.61041 18.349 0.029 4.23 648.0
2456103.66877 18.356 0.029 4.27 645.0
2456103.70913 18.281 0.029 4.55 628.0
2456103.74933 18.383 0.035 5.63 639.0
2456103.81543 18.329 0.036 8.24 616.0
2456104.48803 18.316 0.043 6.50 896.0
2456104.53083 18.316 0.032 4.90 743.0
2456104.56889 18.331 0.028 4.29 664.0
2456104.65323 18.381 0.029 4.56 576.0
2456104.69371 18.363 0.027 4.08 549.0
2456104.73395 18.331 0.027 4.63 571.0
2456104.77258 18.301 0.031 5.90 563.0
2456104.81390 18.397 0.033 6.34 578.0
2456104.86256 18.236 0.038 7.14 629.0
2456105.50824 18.265 0.042 6.82 713.0
2456105.54129 18.389 0.042 6.29 727.0
2456105.58159 18.378 0.041 6.28 640.0
2456105.65113 18.384 0.029 4.63 547.0
2456105.69326 18.254 0.033 5.57 589.0
2456105.73288 18.395 0.035 5.68 540.0
2456105.77256 18.307 0.048 7.98 606.0
2456106.63688 18.320 0.040 6.53 621.0
2456108.50351 18.353 0.049 6.04 1047.0
2456108.54090 18.446 0.049 6.10 956.0
2456108.57992 18.344 0.036 4.70 1007.0
2456108.63345 18.290 0.034 4.57 964.0
2456108.68670 18.286 0.031 4.74 712.0
2456108.72626 18.396 0.036 4.62 1003.0
2456108.76571 18.323 0.033 4.61 1058.0
2456108.80892 18.348 0.035 4.88 874.0
2456108.84646 18.239 0.032 5.67 676.0
2456109.55397 18.090 0.058 6.70 1886.0
2456109.61107 18.516 0.092 5.72 3041.0
2456109.69279 18.295 0.043 3.83 2029.0
2456109.72944 18.325 0.038 4.74 1002.0
2456109.76712 18.280 0.051 5.11 1944.0
2456109.81035 18.460 0.052 5.36 1348.0
2456109.85015 18.409 0.050 6.58 951.0
2456113.54802 18.299 0.048 6.70 973.0
2456113.59036 18.261 0.039 5.38 954.0
2456113.62822 18.292 0.037 5.21 954.0
2456113.67022 18.409 0.047 5.86 954.0
2456113.71012 18.288 0.035 4.57 990.0
2456113.74867 18.484 0.046 5.37 1045.0
2456113.78640 18.341 0.038 5.33 1029.0
2456113.82544 18.270 0.039 5.43 1157.0
2456114.56088 18.397 0.055 7.04 863.0
2456114.59852 18.448 0.046 5.95 803.0
2456114.63707 18.443 0.044 5.67 789.0
2456114.68492 18.422 0.046 5.70 789.0
2456114.73244 18.236 0.033 4.85 776.0
2456114.77013 18.339 0.037 5.44 830.0
2456114.80904 18.353 0.039 5.26 889.0
2456114.85048 18.293 0.049 6.44 1095.0
2456115.49651 18.343 0.040 6.64 661.0
2456115.53490 18.423 0.038 5.57 694.0
2456115.57256 18.256 0.033 5.41 726.0
2456115.63228 18.306 0.036 5.88 692.0
2456115.68508 18.345 0.041 6.57 645.0
2456115.75025 18.296 0.037 6.87 634.0
2456115.80225 18.383 0.049 7.74 684.0
2456116.49403 18.320 0.030 4.93 636.0
2456116.53548 18.356 0.029 4.64 578.0
2456116.57638 18.373 0.029 4.60 556.0
2456116.62364 18.355 0.029 4.69 582.0
2456116.67277 18.412 0.038 5.83 582.0
2456116.71437 18.343 0.033 5.89 608.0
2456116.75742 18.362 0.037 6.23 642.0
2456116.79852 18.325 0.036 5.72 653.0
2456116.83070 18.286 0.033 5.48 711.0
2456117.51570 18.357 0.035 5.15 735.0
2456117.55330 18.317 0.031 4.87 633.0
2456117.59173 18.381 0.029 4.18 594.0
2456117.65399 18.299 0.033 5.28 629.0
2456117.69359 18.353 0.034 5.20 648.0
2456117.73205 18.318 0.035 5.43 679.0
2456117.77126 18.252 0.032 5.12 695.0
2456117.80885 18.321 0.042 6.29 764.0
2456117.84065 18.410 0.042 5.48 819.0
2456118.50595 18.348 0.036 5.61 672.0
2456118.54499 18.382 0.029 4.53 589.0
2456118.58467 18.332 0.028 4.46 572.0
2456118.64072 18.345 0.030 4.55 558.0
2456118.69452 18.320 0.027 4.79 560.0
2456118.73356 18.375 0.030 4.93 564.0
2456118.77088 18.401 0.033 5.22 601.0
2456118.80839 18.290 0.033 5.58 663.0
2456119.49411 18.345 0.049 7.46 644.0
2456119.53550 18.501 0.050 7.16 582.0
2456119.57427 18.430 0.035 5.69 518.0
2456119.63039 18.342 0.030 5.29 508.0
2456119.67363 18.233 0.028 5.17 519.0
2456119.71164 18.338 0.040 6.60 570.0
2456119.73884 18.234 0.031 5.64 583.0
2456119.77848 18.358 0.041 6.37 632.0
2456119.81558 18.303 0.034 5.60 705.0
2456120.52224 18.372 0.044 6.31 668.0
2456120.56171 18.306 0.038 6.19 576.0
2456120.62763 18.387 0.034 5.73 509.0
2456120.67804 18.361 0.032 5.48 495.0
2456120.71713 18.317 0.042 7.43 539.0
2456120.75952 18.429 0.045 7.04 567.0
2456120.80421 18.345 0.042 7.21 593.0
2456121.47665 18.412 0.032 4.89 602.0
2456121.51401 18.402 0.029 4.44 550.0
2456121.55178 18.392 0.027 4.32 504.0
2456121.60432 18.371 0.026 4.06 474.0
2456121.65683 18.316 0.028 5.09 496.0
2456121.72093 18.427 0.030 5.24 503.0
2456121.75906 18.306 0.026 5.50 481.0
2456123.52662 18.340 0.038 5.95 657.0
2456123.56507 18.376 0.035 5.44 581.0
2456123.61236 18.368 0.035 5.62 562.0
2456123.66401 18.304 0.031 5.51 537.0
2456123.70291 18.383 0.042 6.96 547.0
2456123.74115 18.212 0.034 6.88 528.0
2456123.78168 18.337 0.032 5.85 546.0
2456123.81651 18.330 0.035 6.16 624.0
2456124.51123 18.419 0.045 6.29 642.0
2456124.55751 18.339 0.035 5.84 569.0
2456124.64087 18.320 0.035 6.00 526.0
2456124.68221 18.439 0.037 5.89 553.0
2456124.72152 18.398 0.034 5.60 573.0
2456124.76362 18.393 0.039 6.22 635.0
2456124.80258 18.291 0.034 6.12 656.0
2456125.51093 18.335 0.040 6.26 649.0
2456125.52385 18.283 0.033 5.63 618.0
2456125.57061 18.425 0.034 5.23 551.0
2456125.63986 18.488 0.043 6.34 563.0
2456125.68440 18.315 0.033 5.71 552.0
2456125.72605 18.313 0.033 5.77 558.0
2456125.77164 18.420 0.038 6.41 584.0
2456125.81308 18.287 0.037 6.83 620.0
2456126.50818 18.304 0.037 6.21 611.0
2456126.55691 18.405 0.034 5.15 548.0
2456126.60318 18.427 0.039 6.41 528.0
2456126.67537 18.404 0.035 5.44 553.0
2456126.71928 18.352 0.036 6.01 561.0
2456126.77023 18.324 0.037 7.19 601.0
2456127.50415 18.271 0.034 5.70 617.0
2456127.54620 18.327 0.046 7.43 601.0
2456127.63423 18.342 0.040 6.73 544.0
2456127.73694 18.431 0.045 7.57 524.0
2456128.51291 18.320 0.030 5.07 591.0
2456128.55561 18.390 0.029 4.44 553.0
2456128.59940 18.427 0.034 5.14 524.0
2456128.64538 18.376 0.030 4.71 556.0
2456128.70127 18.408 0.037 6.33 590.0
2456130.55043 18.368 0.037 5.35 604.0
2456130.74120 18.412 0.047 6.78 604.0
2456131.53226 18.280 0.033 5.57 532.0
2456131.58529 18.378 0.027 4.97 421.0
2456131.64710 18.166 0.027 5.88 442.0
2456131.69335 18.304 0.030 5.46 492.0
2456131.76665 18.264 0.030 5.28 580.0
2456132.53928 18.291 0.036 5.94 584.0
2456132.62225 18.436 0.048 6.93 560.0
2456132.67232 18.285 0.042 6.99 568.0
2456132.71699 18.365 0.036 5.48 559.0
2456132.79621 18.340 0.043 7.22 693.0
2456133.56463 18.423 0.039 5.86 551.0
2456133.61532 18.382 0.038 5.63 567.0
2456133.67649 18.326 0.033 5.49 557.0
2456133.72188 18.293 0.035 6.08 585.0
2456133.77095 18.262 0.040 7.03 653.0
2456134.53566 18.272 0.043 7.29 665.0
2456134.57600 18.302 0.046 6.98 663.0
2456134.62944 18.367 0.039 6.03 590.0
2456134.68699 18.390 0.049 7.51 596.0
2456135.51778 18.287 0.039 6.16 690.0
2456135.56187 18.345 0.038 5.74 651.0
2456135.63797 18.398 0.052 7.31 651.0
2456135.68909 18.347 0.038 6.42 608.0
2456135.74069 18.347 0.035 5.53 645.0
2456135.77972 18.410 0.040 6.32 628.0
2456136.48545 18.441 0.059 7.54 792.0
2456136.60941 18.130 0.048 7.86 728.0
2456136.66847 18.449 0.041 5.51 686.0
2456140.47909 18.383 0.057 6.65 1216.0
2456140.51859 18.394 0.069 5.88 2123.0
2456140.56671 18.325 0.052 5.46 1462.0
2456140.61969 18.445 0.054 6.22 1000.0
2456140.65890 18.428 0.052 6.02 1069.0
2456140.69831 18.344 0.056 6.87 1106.0
2456140.74010 18.448 0.079 8.01 1280.0
2456141.50615 18.402 0.044 5.48 986.0
2456141.54379 18.299 0.037 4.99 945.0
2456141.59441 18.341 0.054 7.32 900.0
2456141.64164 18.343 0.044 5.83 886.0
2456141.67932 18.244 0.035 4.98 921.0
2456141.72033 18.360 0.041 5.14 1001.0
2456141.76057 18.415 0.044 5.03 1129.0
2456142.48746 18.307 0.054 7.86 849.0
2456142.54979 18.351 0.059 7.88 859.0
2456143.53442 18.244 0.045 7.25 736.0
2456147.52774 18.475 0.039 6.02 537.0
2456147.57851 18.424 0.047 7.54 548.0
2456147.61979 18.351 0.048 8.13 540.0
2456147.67717 18.351 0.046 8.05 559.0
2456147.71511 18.545 0.059 8.30 590.0
2456148.50923 18.329 0.028 4.72 523.0
2456148.55855 18.343 0.029 4.93 508.0
2456148.61166 18.400 0.031 5.20 517.0
2456148.65115 18.353 0.034 5.88 547.0
2456148.69655 18.410 0.034 5.68 538.0
2456149.57931 18.439 0.034 5.26 544.0
2456149.61784 18.312 0.039 6.57 584.0
2456150.50138 18.153 0.045 8.45 628.0
2456150.54943 18.367 0.037 5.91 557.0
2456150.60089 18.467 0.046 6.74 576.0
2456150.65132 18.332 0.033 5.69 538.0
2456151.48529 18.187 0.041 7.38 653.0
2456151.55404 18.389 0.046 7.20 599.0
2456151.59516 18.272 0.038 6.65 582.0
2456151.63405 18.344 0.041 6.91 587.0
2456151.67494 18.356 0.044 7.45 565.0
2456151.71490 18.369 0.045 7.02 645.0
2456152.48456 18.326 0.037 6.22 577.0
2456152.52415 18.301 0.033 5.96 531.0
2456152.56465 18.440 0.045 7.06 544.0
2456152.62907 18.358 0.035 6.02 528.0
2456152.66847 18.388 0.033 5.82 497.0
2456153.72084 18.310 0.041 6.84 613.0
2456154.51275 18.359 0.037 5.62 610.0
2456154.55388 18.355 0.039 5.82 617.0
2456154.63330 18.353 0.039 6.26 582.0
2456154.70535 18.284 0.038 6.89 591.0
2456157.66180 18.230 0.038 6.72 620.0
2456157.70380 18.351 0.049 7.89 659.0
2456158.50191 18.402 0.031 4.61 593.0
2456158.55201 18.341 0.034 5.57 604.0
2456158.60366 18.379 0.037 5.90 617.0
2456158.64424 18.412 0.040 6.21 653.0
2456158.68401 18.410 0.038 5.69 675.0
2456158.72071 18.410 0.039 5.95 705.0
2456159.50818 18.292 0.044 6.79 716.0
2456159.56322 18.429 0.041 6.00 610.0
2456159.61550 18.438 0.040 6.04 605.0
2456159.68545 18.381 0.050 7.38 666.0
2456160.48976 18.315 0.033 5.28 583.0
2456160.54551 18.400 0.035 5.11 564.0
2456160.55947 18.455 0.036 5.41 551.0
2456160.60512 18.331 0.035 5.81 556.0
2456160.64668 18.411 0.035 5.27 556.0
2456160.68518 18.376 0.035 5.41 575.0
2456160.69792 18.304 0.031 4.83 606.0
2456161.48886 18.403 0.046 6.92 600.0
2456161.52915 18.444 0.051 7.33 573.0
2456161.56893 18.353 0.045 7.15 573.0
2456161.62882 18.238 0.034 5.70 552.0
2456161.69222 18.185 0.032 6.21 517.0
2456164.50663 18.398 0.047 5.94 958.0
2456164.57073 18.418 0.055 5.30 1609.0
2456164.60389 18.466 0.065 6.12 1540.0
2456166.57457 18.475 0.051 5.24 1245.0
2456166.63388 18.462 0.042 4.09 1179.0
2456167.51280 18.201 0.052 4.52 2492.0
2456167.55095 18.336 0.041 4.82 1138.0
2456167.60465 18.511 0.069 3.84 3236.0
2456167.65442 18.190 0.058 5.04 3463.0
2456168.49379 18.332 0.038 4.50 1163.0
2456168.56345 18.429 0.039 4.60 922.0
2456168.61614 18.485 0.040 4.04 1229.0
2456168.67226 18.373 0.034 4.69 888.0
2456169.49328 18.425 0.047 5.82 866.0
2456169.54338 18.312 0.042 5.86 811.0
2456169.59401 18.388 0.037 5.13 822.0
2456169.63415 18.298 0.036 5.02 923.0
2456169.67710 18.388 0.047 5.92 1019.0
2456171.49506 18.406 0.027 3.55 747.0
2456171.54908 18.331 0.035 4.88 823.0
2456171.59847 18.413 0.036 4.73 834.0
2456171.63837 18.768 0.102 6.61 1919.0
2456171.68664 18.456 0.044 5.73 888.0
2456172.50781 18.314 0.025 3.77 641.0
2456172.55782 18.402 0.033 4.98 693.0
2456172.60828 18.386 0.030 4.55 671.0
2456172.64669 18.391 0.032 5.00 718.0
2456174.57997 18.279 0.045 7.06 729.0
2456174.64639 18.115 0.039 7.05 781.0
2456175.51993 18.364 0.040 6.11 639.0
2456175.55804 18.378 0.043 6.34 662.0
2456175.59667 18.238 0.034 5.64 695.0
2456175.63797 18.354 0.038 5.38 749.0
2456175.67185 18.388 0.051 7.22 809.0
2456179.52504 18.315 0.040 6.35 662.0
2456179.57124 18.344 0.047 7.00 672.0
2456179.61464 18.396 0.048 6.94 662.0
2456179.65365 18.426 0.047 6.81 640.0
2456180.50559 18.366 0.039 5.75 669.0
2456180.55968 18.434 0.043 5.89 669.0
2456180.60045 18.349 0.045 6.74 722.0
2456180.63856 18.413 0.049 6.82 727.0
2456180.67028 18.496 0.086 9.91 802.0
2456181.52031 18.434 0.037 4.79 683.0
2456181.55833 18.402 0.033 4.31 699.0
2456181.60075 18.386 0.031 4.42 691.0
2456181.63901 18.440 0.042 5.87 687.0
2456182.52178 18.255 0.031 5.12 592.0
2456182.56632 18.319 0.032 5.24 584.0
2456182.61052 18.354 0.040 6.37 619.0
2456182.65276 18.436 0.049 7.47 685.0
2456183.50191 18.522 0.047 6.27 557.0
2456183.60473 18.343 0.032 5.06 574.0
2456184.48395 18.289 0.036 5.51 703.0
2456184.55653 18.360 0.031 4.78 548.0
2456184.60557 18.349 0.033 5.76 538.0
2456184.64621 18.314 0.041 7.73 566.0
2456185.50672 18.384 0.030 4.63 543.0
2456185.56545 18.381 0.031 4.82 550.0
2456185.60826 18.433 0.032 5.08 551.0
2456186.48089 18.402 0.048 5.96 792.0
2456186.53787 18.424 0.035 5.06 578.0
2456186.57657 18.376 0.040 6.12 581.0
2456187.53731 18.533 0.056 7.22 629.0
2456190.51656 18.398 0.039 5.86 653.0
2456190.57414 18.331 0.031 4.73 643.0
2456190.61404 18.269 0.035 6.01 665.0
2456191.51761 18.348 0.056 7.02 974.0
2456191.56950 18.316 0.039 5.32 785.0
2456191.61172 18.402 0.039 6.16 637.0
2456195.49362 18.362 0.037 5.60 724.0
2456195.54586 18.399 0.038 6.02 767.0
2456195.58400 18.306 0.039 5.76 832.0
2456195.62159 18.246 0.036 5.39 915.0
2456196.49437 18.403 0.044 5.37 850.0
2456196.54270 18.357 0.049 6.31 874.0
2456196.58165 18.366 0.037 4.86 870.0
2456196.62165 18.334 0.051 7.11 997.0
2456197.49621 18.461 0.054 6.85 784.0
2456197.54439 18.382 0.045 5.76 832.0
2456197.58443 18.394 0.046 5.73 907.0
2456198.55053 18.310 0.051 7.14 852.0
2456199.51468 18.419 0.064 8.61 782.0
2456200.58592 18.455 0.053 6.31 912.0
2456201.52575 18.339 0.062 8.39 778.0
2456202.56318 18.299 0.055 7.07 949.0
2456203.50204 18.363 0.053 7.56 722.0
2456203.55413 18.284 0.047 6.83 805.0
2456203.59279 18.442 0.066 7.88 928.0
2456204.50088 18.438 0.042 5.80 696.0
2456204.51497 18.385 0.038 5.19 697.0
2456204.54614 18.396 0.038 5.13 698.0
2456204.58425 18.392 0.052 6.81 819.0
2456205.48733 18.357 0.045 6.74 769.0
2456205.53043 18.341 0.033 5.30 610.0
2456205.56848 18.320 0.034 5.43 599.0
2456205.60474 18.277 0.034 5.91 629.0
2456209.54934 18.406 0.060 8.27 718.0
2456210.50140 18.431 0.047 7.66 655.0
2456210.53977 18.417 0.044 6.98 656.0
2456210.57862 18.317 0.042 7.11 704.0
2456211.50317 18.330 0.037 6.12 662.0
2456211.54552 18.244 0.033 5.74 631.0
2456211.58399 18.295 0.037 5.99 671.0
2456212.50262 18.424 0.042 5.77 724.0
2456212.54102 18.253 0.032 5.22 719.0
2456212.57809 18.263 0.034 5.11 781.0
2456213.51767 18.493 0.046 6.09 671.0
2456213.55548 18.334 0.046 6.85 711.0
2456214.50952 18.410 0.042 6.15 648.0
2456214.55088 18.258 0.044 7.29 675.0
2456216.51328 18.528 0.049 6.29 683.0
2456216.55226 18.466 0.046 6.18 700.0
2456216.57500 18.301 0.038 6.08 727.0
2456217.50806 18.387 0.033 4.88 633.0
2456217.54594 18.300 0.031 4.69 631.0
2456217.58282 18.302 0.036 5.62 724.0
2456218.52097 18.426 0.044 5.72 748.0
2456218.55951 18.273 0.040 6.26 779.0
2456219.50151 18.306 0.039 5.76 725.0
2456219.53963 18.247 0.036 5.63 687.0
2456221.51427 18.184 0.065 5.87 2443.0
2456223.54546 18.341 0.050 6.67 954.0
2456226.52837 18.345 0.051 6.38 986.0
2456231.50129 18.403 0.063 6.24 1429.0
2456232.50243 18.194 0.049 6.40 1242.0
2456233.53144 18.310 0.050 6.98 871.0
2456234.52549 18.123 0.042 7.29 853.0
2456238.52114 18.459 0.055 5.68 971.0
2456239.52285 18.420 0.059 7.70 856.0
