2452125.57357 15.545 0.006 5.66 1437.0
2452129.65448 15.550 0.004 3.46 746.0
2452132.59697 15.546 0.005 4.75 766.0
2452135.73455 15.560 0.004 4.51 933.0
2452140.69697 15.556 0.005 5.99 795.0
2452144.58508 15.548 0.005 4.26 856.0
2452160.56598 15.562 0.005 5.54 865.0
2452168.63373 15.554 0.005 5.60 838.0
2452175.60744 15.554 0.007 5.64 2870.0
2452187.54287 15.539 0.005 5.41 998.0
2452206.53804 15.532 0.007 7.14 1499.0
2452331.87897 15.555 0.005 4.48 1079.0
2452355.85336 15.541 0.005 3.84 799.0
2452364.91082 15.550 0.005 5.11 915.0
2452372.81151 15.541 0.005 3.86 802.0
2452403.86618 15.551 0.005 4.37 638.0
2452411.81478 15.520 0.003 3.55 900.0
2452414.74643 15.544 0.005 3.96 722.0
2452416.78486 15.558 0.005 4.28 862.0
2452424.87923 15.538 0.006 5.55 1182.0
2452428.77970 15.550 0.005 5.54 703.0
2452432.82419 15.546 0.006 5.20 918.0
2452434.69007 15.546 0.005 4.07 726.0
2452436.73841 15.549 0.005 5.47 793.0
2452438.71593 15.558 0.005 4.77 711.0
2452440.74910 15.543 0.005 3.58 743.0
2452443.71858 15.552 0.005 5.26 765.0
2452445.59955 15.553 0.005 3.66 827.0
2452448.59235 15.544 0.007 4.23 2568.0
2452453.83949 15.553 0.005 4.82 1089.0
2452456.55101 15.545 0.005 5.72 716.0
2452458.68793 15.536 0.005 4.27 605.0
2452460.76028 15.548 0.005 5.68 836.0
2452463.50950 15.547 0.005 4.51 1035.0
2452466.71909 15.541 0.005 5.27 712.0
2452468.58845 15.541 0.004 3.42 657.0
2452470.59171 15.548 0.005 4.49 750.0
2452472.62770 15.544 0.004 4.00 1125.0
2452481.49042 15.536 0.007 6.63 1038.0
2452484.58968 15.549 0.006 6.15 738.0
2452486.68244 15.538 0.006 7.03 709.0
2452490.64896 15.548 0.006 6.45 728.0
2452493.61112 15.555 0.005 4.61 846.0
2452495.68249 15.540 0.005 3.89 841.0
2452497.76648 15.544 0.005 4.29 1316.0
2452498.47585 15.535 0.004 3.32 843.0
2452500.50062 15.539 0.005 4.69 939.0
2452502.53342 15.546 0.005 4.36 852.0
2452508.63272 15.551 0.005 4.03 1035.0
2452512.58017 15.538 0.005 4.72 974.0
2452517.62203 15.545 0.004 3.85 800.0
2452518.50688 15.555 0.006 5.74 817.0
2452518.60952 15.549 0.005 4.77 703.0
2452518.67999 15.538 0.005 5.24 766.0
2452520.54886 15.542 0.005 3.91 895.0
2452526.63785 15.546 0.005 4.31 712.0
2452537.61750 15.537 0.007 7.01 1125.0
2452542.48486 15.537 0.006 3.90 1987.0
2452547.55228 15.530 0.005 4.38 1173.0
2452551.58975 15.537 0.006 6.69 874.0
2452556.54320 15.543 0.005 4.60 965.0
2452564.50037 15.551 0.006 4.99 1297.0
2452575.49880 15.549 0.006 4.87 1372.0
2452706.88547 15.548 0.004 4.11 722.0
2452714.86971 15.553 0.004 3.54 656.0
2452728.90091 15.556 0.005 5.41 811.0
2452733.88204 15.558 0.005 5.01 910.0
2452744.86964 15.541 0.005 3.74 870.0
2452753.85529 15.555 0.005 4.85 901.0
2452756.92484 15.550 0.005 4.47 913.0
2452760.86786 15.536 0.005 5.54 1048.0
2452766.92100 15.548 0.005 4.97 933.0
2452770.79179 15.555 0.005 5.05 933.0
2452783.73639 15.554 0.004 4.15 765.0
2452785.84837 15.555 0.006 5.11 1134.0
2452786.90174 15.554 0.006 5.13 1246.0
2452789.71198 15.544 0.005 3.83 790.0
2452791.69316 15.547 0.005 4.42 661.0
2452794.89726 15.551 0.005 4.34 980.0
2452796.77895 15.545 0.005 4.45 685.0
2452797.94162 15.527 0.004 4.64 1051.0
2452803.61381 15.543 0.010 5.32 7739.0
2452809.68511 15.544 0.005 4.20 864.0
2452810.85197 15.537 0.005 3.65 1130.0
2452811.88376 15.543 0.005 4.66 1097.0
2452813.68052 15.567 0.006 5.76 673.0
2452814.70276 15.549 0.005 4.56 736.0
2452816.56582 15.545 0.005 4.31 732.0
2452818.55332 15.558 0.006 5.56 802.0
2452820.71844 15.551 0.005 4.47 811.0
2452826.71890 15.556 0.005 4.73 702.0
2452834.75537 15.551 0.007 4.77 2733.0
2452836.69982 15.539 0.005 3.49 2705.0
2452837.59711 15.553 0.006 5.25 1491.0
2452839.64535 15.554 0.006 5.86 871.0
2452841.65871 15.560 0.005 4.47 921.0
2452843.59364 15.532 0.004 5.42 840.0
2452849.79895 15.540 0.006 6.40 1088.0
2452852.49586 15.547 0.006 5.85 963.0
2452854.49348 15.545 0.006 5.83 987.0
2452856.68315 15.544 0.005 4.55 1033.0
2452858.64852 15.553 0.005 4.45 1007.0
2452862.57507 15.545 0.005 4.68 1073.0
2452865.68442 15.541 0.005 3.97 1199.0
2452868.56420 15.552 0.005 4.75 736.0
2452871.67141 15.544 0.004 3.43 821.0
2452876.55499 15.542 0.005 4.85 737.0
2452879.59915 15.542 0.005 4.92 730.0
2452885.49405 15.536 0.006 6.42 944.0
2452894.60186 15.543 0.005 5.28 956.0
2452898.58674 15.555 0.005 4.90 951.0
2452904.55951 15.551 0.005 4.85 837.0
2452909.55404 15.553 0.005 5.01 909.0
2452917.59397 15.533 0.005 4.51 1185.0
2452930.53660 15.526 0.005 3.97 1042.0
2453051.87172 15.546 0.007 4.54 3241.0
2453058.86504 15.540 0.004 3.77 789.0
2453067.86351 15.547 0.004 3.73 739.0
2453070.82344 15.561 0.006 5.55 1073.0
2453072.90228 15.537 0.004 3.51 827.0
2453075.79916 15.542 0.005 4.52 1002.0
2453079.85563 15.542 0.005 3.33 1697.0
2453082.81848 15.551 0.004 3.62 666.0
2453084.87409 15.551 0.004 4.29 648.0
2453086.80811 15.539 0.004 3.53 645.0
2453088.76512 15.539 0.004 3.55 617.0
2453089.87507 15.561 0.004 4.30 665.0
2453091.79226 15.546 0.004 4.64 613.0
2453091.80968 15.546 0.004 3.90 615.0
2453091.83158 15.541 0.004 4.51 652.0
2453091.85341 15.541 0.004 4.88 656.0
2453091.87147 15.545 0.004 4.04 655.0
2453091.89816 15.552 0.004 4.53 698.0
2453091.91365 15.537 0.004 4.75 781.0
2453092.75601 15.537 0.005 6.27 601.0
2453092.77190 15.550 0.005 6.17 596.0
2453092.79549 15.537 0.006 7.07 585.0
2453092.83286 15.548 0.006 6.92 587.0
2453092.90821 15.532 0.006 7.11 629.0
2453093.88409 15.532 0.005 5.79 618.0
2453093.91291 15.523 0.006 7.13 721.0
2453096.74554 15.562 0.005 5.32 772.0
2453096.80614 15.552 0.005 5.07 713.0
2453096.82974 15.545 0.005 5.92 758.0
2453096.87708 15.545 0.005 6.25 711.0
2453096.90942 15.542 0.005 7.37 720.0
2453097.74452 15.554 0.005 4.68 867.0
2453097.79936 15.544 0.006 6.25 794.0
2453097.81151 15.551 0.005 4.85 737.0
2453097.86475 15.552 0.004 4.53 658.0
2453097.91196 15.546 0.004 4.63 661.0
2453098.73465 15.532 0.005 4.36 908.0
2453098.79603 15.538 0.004 3.93 744.0
2453098.85588 15.543 0.004 3.92 687.0
2453098.87359 15.554 0.004 4.15 633.0
2453098.91180 15.545 0.004 4.11 626.0
2453099.71461 15.536 0.005 5.33 1028.0
2453099.77459 15.552 0.005 5.90 807.0
2453099.84118 15.536 0.005 5.51 823.0
2453099.87613 15.549 0.006 6.67 783.0
2453099.90942 15.541 0.005 6.28 737.0
2453100.73775 15.546 0.005 4.63 956.0
2453100.77321 15.533 0.004 3.99 849.0
2453100.82754 15.547 0.004 3.77 778.0
2453100.91212 15.542 0.005 4.98 800.0
2453101.73129 15.531 0.005 5.32 1181.0
2453101.81774 15.555 0.005 4.26 890.0
2453101.90752 15.550 0.005 4.86 825.0
2453102.70382 15.534 0.005 3.51 1312.0
2453102.79090 15.546 0.004 3.50 890.0
2453102.84966 15.535 0.005 4.26 896.0
2453102.90976 15.536 0.005 4.88 839.0
2453103.75327 15.530 0.005 4.58 1046.0
2453103.87918 15.550 0.005 4.15 855.0
2453104.72642 15.559 0.008 3.44 7085.0
2453104.89758 15.546 0.010 4.43 7871.0
2453106.79861 15.530 0.005 4.22 1369.0
2453107.75646 15.536 0.004 4.34 731.0
2453108.73620 15.535 0.004 3.25 762.0
2453109.76278 15.540 0.004 4.23 720.0
2453110.80225 15.530 0.004 4.30 794.0
2453111.83628 15.546 0.004 4.85 667.0
2453112.80956 15.553 0.004 4.39 553.0
2453113.84342 15.540 0.004 4.84 567.0
2453114.75355 15.543 0.004 3.49 637.0
2453115.83608 15.562 0.004 4.53 622.0
2453118.89759 15.562 0.004 5.49 740.0
2453122.88106 15.541 0.006 6.97 740.0
2453125.83765 15.562 0.005 6.33 724.0
2453126.86696 15.547 0.005 4.89 821.0
2453127.77252 15.540 0.004 3.70 859.0
2453128.79089 15.548 0.004 4.10 854.0
2453129.76558 15.540 0.005 4.07 945.0
2453131.65319 15.535 0.006 5.25 1457.0
2453134.73337 15.537 0.007 4.88 2936.0
2453134.85072 15.545 0.006 4.76 1862.0
2453135.83375 15.562 0.004 4.29 800.0
2453137.90936 15.541 0.004 4.90 1009.0
2453138.79360 15.548 0.004 4.65 661.0
2453139.83779 15.545 0.004 4.69 636.0
2453140.84520 15.543 0.005 5.17 647.0
2453142.73738 15.563 0.004 3.86 633.0
2453144.75800 15.550 0.004 4.97 629.0
2453146.73602 15.556 0.005 6.60 620.0
2453151.72026 15.543 0.005 5.84 624.0
2453152.72404 15.547 0.004 4.21 692.0
2453152.93738 15.546 0.005 5.58 986.0
2453153.72799 15.552 0.005 6.04 657.0
2453154.78894 15.542 0.005 6.32 740.0
2453156.77150 15.560 0.005 5.21 1500.0
2453158.84207 15.529 0.005 4.94 1182.0
2453162.78299 15.551 0.005 4.75 927.0
2453163.74431 15.536 0.004 4.47 837.0
2453164.70259 15.538 0.004 4.37 702.0
2453165.77390 15.547 0.004 3.69 612.0
2453166.86179 15.545 0.006 6.27 902.0
2453168.56152 15.545 0.005 4.83 717.0
2453168.89976 15.534 0.005 4.15 953.0
2453169.69637 15.545 0.005 4.54 642.0
2453170.77406 15.566 0.004 3.99 618.0
2453171.86796 15.532 0.004 3.95 759.0
2453172.71717 15.536 0.004 4.51 569.0
2453174.68012 15.544 0.004 3.38 640.0
2453175.68943 15.545 0.004 3.45 708.0
2453176.73245 15.533 0.006 7.54 657.0
2453178.75060 15.534 0.005 5.46 789.0
2453179.76358 15.534 0.004 4.97 618.0
2453180.67631 15.553 0.004 3.66 561.0
2453182.74347 15.554 0.004 4.93 600.0
2453183.70200 15.538 0.005 5.93 648.0
2453184.66949 15.533 0.004 3.76 617.0
2453185.82551 15.540 0.004 3.99 835.0
2453193.50321 15.544 0.006 5.94 928.0
2453194.61267 15.555 0.005 4.46 872.0
2453195.66915 15.544 0.004 4.53 644.0
2453196.71289 15.552 0.005 5.73 751.0
2453197.49596 15.552 0.005 4.16 856.0
2453197.61284 15.542 0.004 4.43 645.0
2453197.77511 15.542 0.004 4.73 726.0
2453199.75761 15.531 0.005 6.39 676.0
2453201.50034 15.550 0.004 5.05 800.0
2453202.50844 15.550 0.004 4.57 664.0
2453203.62942 15.547 0.004 3.58 575.0
2453204.59030 15.576 0.004 4.10 587.0
2453205.73202 15.554 0.004 4.00 501.0
2453206.63961 15.526 0.004 5.47 524.0
2453209.68268 15.525 0.005 6.10 632.0
2453210.62774 15.540 0.004 4.15 731.0
2453211.70228 15.539 0.005 6.83 556.0
2453217.62212 15.553 0.005 4.21 1007.0
2453218.62149 15.537 0.005 4.91 1040.0
2453219.72334 15.529 0.006 6.89 819.0
2453223.61887 15.564 0.005 7.49 665.0
2453224.66862 15.540 0.004 3.72 695.0
2453226.58182 15.556 0.005 6.13 542.0
2453228.56999 15.553 0.004 5.08 572.0
2453229.59811 15.547 0.004 3.75 580.0
2453230.63675 15.547 0.004 4.03 513.0
2453231.53776 15.536 0.004 5.33 696.0
2453232.56639 15.532 0.006 7.46 662.0
2453238.57667 15.547 0.004 4.39 690.0
2453238.58732 15.536 0.005 5.02 669.0
2453238.70357 15.545 0.005 6.46 662.0
2453239.54708 15.547 0.004 4.44 663.0
2453239.63725 15.545 0.005 5.37 649.0
2453240.62380 15.547 0.005 6.08 608.0
2453241.62281 15.578 0.007 5.40 2052.0
2453245.51721 15.553 0.005 6.74 1018.0
2453246.62928 15.552 0.006 6.65 813.0
2453247.64476 15.572 0.005 4.59 862.0
2453249.49634 15.556 0.005 5.76 603.0
2453250.62392 15.553 0.005 4.48 824.0
2453253.61723 15.548 0.005 6.08 588.0
2453256.60011 15.538 0.005 5.44 618.0
2453259.59229 15.553 0.005 6.04 634.0
2453267.49930 15.531 0.005 6.85 829.0
2453271.58488 15.556 0.009 5.70 4256.0
2453274.59871 15.561 0.005 5.49 871.0
2453278.57045 15.577 0.005 4.34 965.0
2453281.55120 15.549 0.004 4.98 620.0
2453281.58627 15.552 0.004 5.06 465.0
2453288.51274 15.508 0.005 7.88 658.0
2453293.48761 15.566 0.005 5.25 865.0
2453295.49209 15.548 0.004 5.02 614.0
2453299.49546 15.543 0.003 4.54 509.0
2453312.50456 15.531 0.006 6.55 1223.0
2453416.87170 15.547 0.004 4.69 718.0
2453421.86847 15.554 0.004 5.00 604.0
2453425.88793 15.551 0.005 4.79 901.0
2453428.88394 15.534 0.004 3.96 747.0
2453432.85756 15.550 0.005 3.64 1469.0
2453442.85820 15.552 0.005 5.46 689.0
2453444.91111 15.563 0.004 3.73 1126.0
2453447.82425 15.540 0.004 4.15 660.0
2453449.83712 15.546 0.004 4.72 618.0
2453452.85771 15.561 0.004 3.95 662.0
2453454.91123 15.541 0.005 4.74 1026.0
2453458.77034 15.545 0.004 3.88 914.0
2453459.81799 15.549 0.004 3.73 927.0
2453468.84673 15.544 0.004 3.29 690.0
2453469.85365 15.544 0.004 3.38 586.0
2453471.88118 15.560 0.005 6.15 625.0
2453473.84917 15.546 0.005 5.30 641.0
2453474.87259 15.545 0.004 4.74 596.0
2453476.74533 15.546 0.004 3.67 601.0
2453478.76107 15.549 0.004 4.46 553.0
2453479.89829 15.543 0.004 3.86 623.0
2453481.78900 15.538 0.004 3.55 656.0
2453484.74478 15.540 0.005 4.14 2342.0
2453496.69320 15.558 0.004 4.44 770.0
2453497.76062 15.542 0.005 4.97 783.0
2453499.71816 15.537 0.004 3.87 581.0
2453500.70098 15.534 0.004 3.83 630.0
2453501.73897 15.540 0.004 4.81 728.0
2453502.73758 15.553 0.004 3.21 694.0
2453503.66413 15.541 0.004 3.57 639.0
2453504.84322 15.554 0.004 4.50 576.0
2453506.85492 15.522 0.004 5.26 687.0
2453508.72132 15.566 0.005 5.97 742.0
2453509.75189 15.559 0.004 4.77 612.0
2453510.89218 15.553 0.004 3.59 725.0
2453511.80402 15.564 0.004 3.90 816.0
2453512.82746 15.546 0.005 4.41 1073.0
2453517.82712 15.539 0.005 4.59 1003.0
2453520.78436 15.562 0.004 4.31 697.0
2453522.71030 15.547 0.004 3.24 558.0
2453523.77143 15.540 0.004 4.05 668.0
2453523.91613 15.583 0.006 7.02 826.0
2453524.67356 15.565 0.004 4.84 566.0
2453525.66766 15.537 0.004 4.08 587.0
2453526.72042 15.546 0.004 3.87 604.0
2453527.75423 15.544 0.004 4.16 585.0
2453528.69512 15.535 0.004 3.67 547.0
2453529.65308 15.561 0.004 4.01 488.0
2453530.66115 15.545 0.004 3.12 585.0
2453538.63939 15.547 0.004 4.19 641.0
2453540.62660 15.534 0.004 4.53 781.0
2453544.82633 15.547 0.005 4.47 1231.0
2453547.75787 15.556 0.005 5.32 669.0
2453550.60472 15.540 0.004 5.40 778.0
2453551.60705 15.533 0.003 3.72 546.0
2453552.63717 15.531 0.003 4.33 807.0
2453553.76345 15.523 0.006 7.70 829.0
2453554.71678 15.528 0.005 6.31 673.0
2453555.78099 15.545 0.005 6.37 750.0
2453556.69315 15.551 0.004 4.25 585.0
2453558.50396 15.538 0.004 4.05 899.0
2453558.80264 15.541 0.004 5.19 591.0
2453559.58552 15.570 0.004 4.82 690.0
2453560.57392 15.549 0.004 4.10 649.0
2453561.51802 15.548 0.004 3.96 929.0
2453562.55868 15.541 0.004 4.62 660.0
2453562.81003 15.544 0.005 4.71 737.0
2453563.61288 15.545 0.004 3.62 608.0
2453564.59461 15.559 0.005 5.74 641.0
2453569.53138 15.539 0.006 4.98 1929.0
2453573.62180 15.560 0.005 5.66 934.0
2453574.66278 15.543 0.005 4.83 756.0
2453575.51034 15.543 0.004 3.96 679.0
2453576.66428 15.545 0.004 5.09 668.0
2453577.73197 15.542 0.004 4.47 602.0
2453578.63715 15.542 0.004 4.69 529.0
2453579.59446 15.546 0.004 4.28 612.0
2453579.76218 15.560 0.005 5.38 634.0
2453580.62423 15.558 0.004 4.70 653.0
2453581.64769 15.540 0.004 4.20 606.0
2453582.59578 15.549 0.004 3.99 537.0
2453583.60978 15.539 0.004 5.41 557.0
2453584.61852 15.557 0.004 4.94 581.0
2453585.60882 15.567 0.004 4.20 545.0
2453586.65457 15.559 0.004 3.84 599.0
2453589.64722 15.551 0.004 3.56 540.0
2453590.61612 15.538 0.004 4.63 610.0
2453592.62298 15.558 0.004 3.69 572.0
2453593.64412 15.572 0.004 5.25 521.0
2453594.68106 15.552 0.004 3.43 606.0
2453601.62321 15.549 0.004 3.96 923.0
2453602.63925 15.549 0.005 4.78 957.0
2453603.61331 15.549 0.004 4.39 711.0
2453606.64021 15.546 0.005 6.27 754.0
2453607.61163 15.554 0.004 4.55 577.0
2453608.61854 15.556 0.004 5.25 590.0
2453616.56172 15.552 0.005 5.92 750.0
2453618.53840 15.548 0.004 4.78 671.0
2453619.56299 15.532 0.004 4.38 752.0
2453621.56257 15.554 0.005 5.57 652.0
2453628.53654 15.544 0.005 5.82 1093.0
2453629.62118 15.549 0.005 4.92 1089.0
2453631.50608 15.560 0.005 5.19 1033.0
2453633.51918 15.548 0.005 6.41 748.0
2453637.61536 15.571 0.005 5.61 783.0
2453639.56891 15.561 0.004 3.35 672.0
2453641.52105 15.555 0.005 5.77 835.0
2453643.59741 15.531 0.006 7.04 885.0
2453648.51328 15.556 0.004 4.73 706.0
2453650.55067 15.543 0.004 4.32 780.0
2453654.52252 15.555 0.006 4.49 2233.0
2453655.49601 15.547 0.005 4.64 1066.0
2453657.50865 15.556 0.005 4.20 1037.0
2453660.50281 15.552 0.005 4.98 1171.0
2453662.50804 15.542 0.005 5.34 920.0
2453666.53554 15.562 0.004 3.51 1108.0
2453775.88427 15.553 0.005 4.90 925.0
2453781.86972 15.554 0.005 6.40 864.0
2453784.85359 15.551 0.004 3.81 900.0
2453787.84422 15.559 0.004 4.21 875.0
2453790.87497 15.535 0.005 3.75 1141.0
2453792.87156 15.546 0.003 3.54 598.0
2453794.82854 15.534 0.004 5.08 691.0
2453796.81673 15.558 0.004 5.16 684.0
2453797.90797 15.535 0.004 3.48 1720.0
2453799.86289 15.544 0.005 5.02 848.0
2453800.88921 15.541 0.004 4.55 602.0
2453801.87146 15.542 0.004 4.13 711.0
2453802.83698 15.561 0.004 3.81 766.0
2453803.87229 15.541 0.004 3.64 769.0
2453805.78830 15.549 0.005 5.22 769.0
2453806.80842 15.558 0.004 4.33 762.0
2453807.82211 15.548 0.004 4.42 915.0
2453808.78184 15.556 0.004 4.38 963.0
2453809.78465 15.553 0.004 3.59 981.0
2453810.82921 15.542 0.004 3.85 884.0
2453811.82522 15.545 0.004 4.66 739.0
2453812.81699 15.549 0.004 4.53 833.0
2453813.79563 15.555 0.004 3.81 760.0
2453814.80985 15.543 0.004 3.74 879.0
2453817.84404 15.544 0.004 3.91 1102.0
2453818.87200 15.550 0.004 3.81 832.0
2453819.78762 15.558 0.004 3.65 573.0
2453820.75795 15.550 0.004 4.08 653.0
2453821.75846 15.557 0.004 4.39 594.0
2453822.80053 15.562 0.004 4.37 680.0
2453823.75657 15.556 0.004 4.15 620.0
2453824.77406 15.542 0.004 4.47 689.0
2453825.79150 15.539 0.005 5.56 638.0
2453826.76764 15.540 0.004 4.05 585.0
2453827.78735 15.551 0.004 4.52 543.0
2453828.76089 15.532 0.005 5.77 670.0
2453829.79623 15.547 0.004 4.13 605.0
2453830.71792 15.551 0.004 4.03 749.0
2453831.71797 15.548 0.004 3.24 696.0
2453832.73951 15.554 0.004 4.52 599.0
2453833.74723 15.551 0.004 4.43 576.0
2453834.72833 15.543 0.004 4.57 742.0
2453835.72193 15.545 0.004 4.58 774.0
2453835.90798 15.559 0.004 3.74 597.0
2453836.75032 15.567 0.006 6.63 847.0
2453836.91802 15.543 0.004 4.15 731.0
2453837.71686 15.557 0.004 4.37 870.0
2453837.88909 15.543 0.004 3.68 757.0
2453838.72432 15.559 0.005 6.03 934.0
2453839.72566 15.560 0.005 5.66 949.0
2453839.91289 15.553 0.005 5.40 994.0
2453840.74417 15.540 0.004 3.92 889.0
2453840.89646 15.550 0.004 4.34 856.0
2453841.70711 15.534 0.004 4.25 938.0
2453841.92704 15.547 0.004 3.87 1400.0
2453842.82963 15.538 0.004 3.43 848.0
2453845.70533 15.571 0.007 4.72 2835.0
2453845.89004 15.537 0.007 5.92 2009.0
2453846.68579 15.541 0.005 6.08 702.0
2453847.78259 15.547 0.005 5.93 679.0
2453848.73749 15.564 0.005 5.98 581.0
2453849.73397 15.557 0.004 4.07 640.0
2453850.67989 15.543 0.004 4.59 691.0
2453850.85244 15.539 0.004 4.41 703.0
2453850.92390 15.540 0.004 4.53 842.0
2453851.69564 15.553 0.004 4.66 636.0
2453851.85892 15.547 0.005 5.60 657.0
2453852.68436 15.549 0.004 5.01 676.0
2453852.91288 15.543 0.004 5.36 654.0
2453853.67267 15.546 0.004 4.27 629.0
2453853.84033 15.567 0.004 3.38 553.0
2453853.91182 15.536 0.004 3.68 616.0
2453854.68928 15.547 0.004 4.38 614.0
2453856.66266 15.547 0.004 3.89 826.0
2453856.82901 15.565 0.004 4.37 710.0
2453857.90015 15.539 0.004 3.86 709.0
2453858.71919 15.550 0.004 5.80 589.0
2453859.78175 15.553 0.004 4.14 577.0
2453860.79796 15.565 0.005 6.43 686.0
2453861.65155 15.549 0.005 5.00 770.0
2453861.75851 15.548 0.004 4.19 617.0
2453862.65658 15.536 0.004 4.03 797.0
2453862.84695 15.555 0.004 3.84 707.0
2453862.92062 15.545 0.004 4.28 843.0
2453863.67280 15.541 0.004 4.35 811.0
2453863.89250 15.545 0.004 3.67 640.0
2453864.66168 15.534 0.004 4.15 746.0
2453864.85273 15.545 0.004 3.97 587.0
2453865.72022 15.549 0.004 3.98 751.0
2453865.86375 15.546 0.004 5.03 660.0
2453865.93273 15.555 0.004 3.91 765.0
2453866.67186 15.538 0.004 4.01 763.0
2453866.81139 15.548 0.004 4.22 651.0
2453866.88960 15.551 0.004 4.08 725.0
2453867.68666 15.538 0.004 3.35 980.0
2453867.87229 15.536 0.004 4.09 962.0
2453868.69457 15.548 0.005 4.24 1111.0
2453868.83867 15.552 0.005 4.74 1001.0
2453868.91851 15.559 0.005 3.90 1124.0
2453869.67208 15.532 0.004 3.44 1178.0
2453869.85461 15.530 0.005 4.55 1224.0
2453872.86926 15.554 0.004 4.00 828.0
2453873.67855 15.539 0.004 3.83 691.0
2453873.81999 15.554 0.004 4.63 689.0
2453873.89182 15.559 0.004 4.74 732.0
2453874.72948 15.566 0.004 4.93 617.0
2453874.90352 15.546 0.004 4.24 725.0
2453875.69819 15.552 0.003 3.39 586.0
2453875.84507 15.554 0.004 4.18 620.0
2453876.61722 15.554 0.004 3.93 574.0
2453877.69409 15.563 0.004 3.54 550.0
2453877.73154 15.561 0.004 3.94 566.0
2453877.77791 15.558 0.004 3.77 559.0
2453877.80466 15.537 0.004 4.28 578.0
2453877.84284 15.544 0.004 4.51 647.0
2453877.87856 15.551 0.004 4.41 709.0
2453877.91691 15.528 0.005 5.07 825.0
2453877.93494 15.540 0.005 5.19 899.0
2453879.63033 15.549 0.003 4.17 483.0
2453879.63500 15.556 0.003 4.12 487.0
2453879.65010 15.555 0.004 3.87 509.0
2453879.92118 15.548 0.004 4.47 720.0
2453879.92857 15.567 0.004 5.19 758.0
2453879.93610 15.560 0.005 6.13 818.0
2453879.93994 15.577 0.005 5.81 888.0
2453880.59363 15.541 0.003 4.44 529.0
2453880.59732 15.525 0.003 4.55 520.0
2453880.60823 15.569 0.003 4.83 554.0
2453880.63190 15.546 0.003 4.33 545.0
2453880.69055 15.567 0.003 3.60 564.0
2453880.69478 15.551 0.004 3.56 567.0
2453880.70422 15.554 0.004 4.60 609.0
2453880.71455 15.570 0.004 5.09 558.0
2453880.76953 15.544 0.004 3.99 596.0
2453880.80496 15.545 0.004 4.72 679.0
2453880.81935 15.551 0.004 5.08 709.0
2453880.85547 15.545 0.004 5.39 705.0
2453880.89840 15.535 0.004 4.86 726.0
2453880.93321 15.546 0.004 4.83 811.0
2453881.59988 15.544 0.004 5.18 748.0
2453881.60467 15.559 0.004 4.85 751.0
2453881.64489 15.549 0.004 3.91 707.0
2453881.73776 15.537 0.004 3.67 686.0
2453881.82310 15.542 0.004 3.97 719.0
2453881.86036 15.549 0.004 3.64 685.0
2453881.90698 15.539 0.004 3.27 791.0
2453882.57388 15.544 0.005 6.16 706.0
2453882.62981 15.552 0.004 3.98 641.0
2453882.67281 15.544 0.004 4.16 617.0
2453882.78332 15.550 0.004 4.44 622.0
2453882.85720 15.550 0.004 4.07 674.0
2453882.92588 15.547 0.004 4.11 675.0
2453883.58003 15.548 0.005 5.79 832.0
2453883.61735 15.557 0.005 5.43 705.0
2453883.68386 15.545 0.004 4.15 603.0
2453883.81443 15.553 0.004 4.54 592.0
2453886.57672 15.540 0.004 5.12 677.0
2453886.77789 15.547 0.004 4.19 589.0
2453886.85321 15.556 0.004 4.27 612.0
2453887.63051 15.555 0.004 4.04 592.0
2453887.75686 15.548 0.004 4.26 553.0
2453887.86104 15.534 0.004 4.98 638.0
2453887.93307 15.552 0.004 4.42 788.0
2453889.64449 15.554 0.004 4.36 579.0
2453889.91933 15.537 0.004 4.01 860.0
2453891.65387 15.547 0.004 3.97 633.0
2453891.77560 15.573 0.005 6.12 665.0
2453891.85786 15.547 0.004 4.84 665.0
2453892.72051 15.552 0.004 4.35 612.0
2453892.90939 15.559 0.004 4.26 728.0
2453893.59127 15.545 0.004 4.99 778.0
2453893.83776 15.547 0.005 6.14 681.0
2453894.64873 15.559 0.005 6.26 611.0
2453894.86401 15.547 0.005 5.79 605.0
2453896.58475 15.530 0.005 5.97 1059.0
2453896.84210 15.549 0.006 6.70 1094.0
2453900.51254 15.547 0.005 4.95 1090.0
2453900.69791 15.538 0.005 3.49 988.0
2453900.78226 15.550 0.004 3.66 2651.0
2453900.85078 15.547 0.004 4.09 922.0
2453901.52733 15.544 0.004 4.90 753.0
2453901.70357 15.540 0.004 3.75 841.0
2453901.78134 15.545 0.004 4.56 693.0
2453901.85443 15.546 0.004 4.79 820.0
2453902.53893 15.545 0.004 5.10 735.0
2453902.72595 15.549 0.004 4.49 681.0
2453902.78944 15.550 0.004 4.89 733.0
2453902.82653 15.555 0.004 4.77 836.0
2453902.83882 15.561 0.005 4.94 873.0
2453902.87189 15.550 0.005 4.95 896.0
2453902.88688 15.542 0.005 5.11 902.0
2453902.90217 15.549 0.006 6.41 974.0
2453903.62199 15.559 0.004 3.78 594.0
2453903.63090 15.555 0.004 3.79 613.0
2453903.64618 15.542 0.004 4.95 660.0
2453903.65788 15.553 0.004 4.11 701.0
2453903.67547 15.546 0.004 4.39 687.0
2453903.69024 15.547 0.004 4.42 710.0
2453903.70481 15.542 0.004 4.34 704.0
2453903.71991 15.562 0.004 4.87 716.0
2453903.74076 15.542 0.004 4.73 674.0
2453903.75389 15.562 0.004 4.87 644.0
2453903.75980 15.555 0.004 4.76 642.0
2453903.76874 15.551 0.004 4.18 640.0
2453903.78069 15.537 0.004 4.76 643.0
2453903.78957 15.561 0.004 4.97 648.0
2453903.80202 15.537 0.004 5.00 641.0
2453903.81235 15.547 0.004 4.44 658.0
2453903.82448 15.549 0.004 4.82 654.0
2453903.83371 15.532 0.005 5.68 665.0
2453903.84312 15.536 0.004 5.14 681.0
2453903.85223 15.539 0.004 4.19 686.0
2453903.86150 15.542 0.004 4.77 737.0
2453903.86784 15.551 0.004 4.45 743.0
2453903.87985 15.539 0.005 5.17 803.0
2453903.88867 15.555 0.004 4.78 796.0
2453903.90095 15.541 0.004 4.73 886.0
2453904.53830 15.545 0.004 4.44 709.0
2453904.70073 15.554 0.004 3.39 643.0
2453904.77017 15.546 0.004 3.72 610.0
2453904.84293 15.556 0.004 3.93 740.0
2453905.51378 15.540 0.004 4.49 857.0
2453905.53514 15.537 0.004 3.79 753.0
2453905.62721 15.556 0.004 3.78 579.0
2453905.71147 15.553 0.004 3.55 660.0
2453905.78169 15.566 0.004 3.65 658.0
2453905.85032 15.543 0.004 3.12 688.0
2453906.54296 15.547 0.004 4.33 769.0
2453906.73580 15.546 0.004 4.06 604.0
2453906.80900 15.560 0.004 4.14 669.0
2453906.89762 15.551 0.004 4.33 800.0
2453907.57727 15.557 0.004 4.67 603.0
2453907.76257 15.554 0.005 5.84 624.0
2453907.84704 15.551 0.005 5.20 767.0
2453908.51524 15.557 0.005 4.66 942.0
2453908.70138 15.538 0.004 3.82 654.0
2453908.77899 15.548 0.004 4.13 621.0
2453908.86172 15.557 0.004 4.07 708.0
2453909.51491 15.550 0.005 5.44 953.0
2453909.69330 15.543 0.004 3.77 512.0
2453909.78810 15.546 0.004 4.36 543.0
2453909.86768 15.565 0.004 4.43 723.0
2453910.53535 15.541 0.004 4.83 822.0
2453912.50979 15.553 0.004 3.94 782.0
2453912.70127 15.554 0.003 3.54 498.0
2453912.79253 15.551 0.004 3.86 519.0
2453912.88042 15.548 0.004 4.55 668.0
2453913.50268 15.548 0.004 3.41 668.0
2453913.70456 15.549 0.004 4.18 576.0
2453913.80009 15.551 0.004 4.08 650.0
2453914.52873 15.549 0.004 4.76 708.0
2453914.76025 15.563 0.004 4.58 599.0
2453915.50442 15.553 0.004 4.69 799.0
2453915.70876 15.552 0.004 4.78 547.0
2453915.80062 15.533 0.004 4.67 546.0
2453916.54917 15.556 0.005 5.79 708.0
2453917.52728 15.574 0.004 5.27 674.0
2453917.80013 15.546 0.004 5.16 686.0
2453918.54831 15.529 0.004 4.07 726.0
2453918.79486 15.549 0.005 5.61 665.0
2453919.50225 15.563 0.005 5.23 959.0
2453919.73475 15.535 0.003 4.42 549.0
2453920.49203 15.544 0.005 5.62 761.0
2453920.68859 15.549 0.005 6.24 558.0
2453920.77059 15.556 0.004 3.80 603.0
2453921.49199 15.545 0.004 3.98 886.0
2453921.68951 15.548 0.005 6.54 667.0
2453921.77783 15.521 0.005 6.95 649.0
2453922.68921 15.535 0.005 6.38 624.0
2453930.49215 15.542 0.004 4.73 800.0
2453930.76630 15.548 0.005 5.16 943.0
2453931.47704 15.555 0.005 6.16 906.0
2453932.50856 15.544 0.004 4.85 792.0
2453932.78388 15.544 0.004 4.66 713.0
2453933.48962 15.555 0.004 3.80 805.0
2453933.67941 15.563 0.004 4.16 513.0
2453933.75498 15.540 0.004 3.61 647.0
2453934.47237 15.551 0.004 3.67 841.0
2453934.68911 15.556 0.004 4.90 554.0
2453934.75819 15.549 0.004 4.51 622.0
2453935.52230 15.546 0.004 4.18 671.0
2453935.69354 15.549 0.005 5.89 589.0
2453935.76218 15.550 0.004 4.62 549.0
2453936.47568 15.543 0.005 5.36 851.0
2453936.64100 15.552 0.004 4.33 632.0
2453936.71752 15.552 0.004 4.96 671.0
2453937.48192 15.543 0.005 4.75 998.0
2453937.76201 15.546 0.005 5.95 632.0
2453938.48039 15.546 0.005 5.44 829.0
2453938.67423 15.544 0.004 5.68 523.0
2453938.75714 15.554 0.005 5.52 606.0
2453939.54772 15.545 0.003 4.52 584.0
2453940.66601 15.554 0.004 4.67 536.0
2453940.79686 15.546 0.004 4.35 585.0
2453944.52071 15.544 0.003 4.59 684.0
2453945.49357 15.546 0.004 4.61 698.0
2453945.69608 15.538 0.004 4.11 588.0
2453945.75195 15.543 0.005 5.73 621.0
2453946.49494 15.540 0.005 5.71 710.0
2453946.68416 15.547 0.004 4.86 548.0
2453946.76566 15.531 0.004 5.84 549.0
2453950.49989 15.551 0.004 4.85 622.0
2453950.70544 15.532 0.004 5.28 562.0
2453951.49555 15.555 0.004 4.79 717.0
2453951.72804 15.537 0.004 4.71 947.0
2453955.66379 15.541 0.005 6.03 1020.0
2453956.52665 15.549 0.006 6.73 886.0
2453957.48870 15.556 0.005 4.99 920.0
2453959.48522 15.528 0.004 5.30 713.0
2453959.66655 15.534 0.004 5.13 675.0
2453960.48151 15.547 0.004 4.52 716.0
2453960.66054 15.537 0.004 3.73 629.0
2453960.73268 15.542 0.004 4.33 849.0
2453961.55229 15.552 0.004 5.19 683.0
2453963.51421 15.555 0.004 5.17 628.0
2453963.69154 15.543 0.004 4.12 581.0
2453964.49940 15.535 0.004 4.69 646.0
2453964.70719 15.557 0.004 4.90 570.0
2453965.48756 15.553 0.004 4.23 593.0
2453965.68005 15.547 0.004 4.07 539.0
2453966.51749 15.536 0.004 4.25 688.0
2453966.67054 15.543 0.004 4.46 586.0
2453967.49900 15.564 0.005 6.11 668.0
2453967.69593 15.546 0.004 4.69 507.0
2453968.47929 15.564 0.005 5.05 795.0
2453968.65124 15.546 0.004 4.15 567.0
2453968.72036 15.553 0.004 4.81 696.0
2453969.50789 15.545 0.005 5.75 602.0
2453969.66177 15.551 0.004 5.04 563.0
2453970.48848 15.556 0.005 6.02 645.0
2453970.66940 15.559 0.005 6.53 587.0
2453971.52825 15.538 0.005 6.37 593.0
2453971.70265 15.543 0.004 4.70 561.0
2453973.55332 15.567 0.005 5.87 547.0
2453974.48831 15.539 0.005 5.36 660.0
2453974.66728 15.553 0.004 5.28 569.0
2453975.49099 15.545 0.005 6.03 617.0
2453975.66623 15.550 0.004 4.41 654.0
2453976.48769 15.532 0.004 3.72 641.0
2453976.65485 15.531 0.004 4.76 691.0
2453979.49077 15.549 0.005 6.71 662.0
2453982.54912 15.549 0.004 4.74 781.0
2453983.49724 15.552 0.006 5.65 1563.0
2453986.56049 15.557 0.004 4.82 779.0
2453987.48840 15.555 0.005 6.19 647.0
2453987.64935 15.540 0.004 4.27 778.0
2453988.49130 15.561 0.004 5.07 605.0
2453990.62247 15.539 0.004 5.24 619.0
2453995.54911 15.552 0.004 4.47 591.0
2453996.54762 15.568 0.005 6.44 616.0
2453999.56987 15.552 0.005 5.39 630.0
2454001.50011 15.561 0.005 5.12 777.0
2454003.52042 15.549 0.004 3.90 666.0
2454004.50658 15.543 0.004 4.47 691.0
2454006.50249 15.551 0.005 5.41 746.0
2454011.59924 15.541 0.005 5.02 912.0
2454012.55054 15.560 0.005 5.75 838.0
2454016.49803 15.539 0.004 5.14 796.0
2454018.52322 15.545 0.005 5.30 761.0
2454020.52109 15.568 0.005 6.18 664.0
2454023.52147 15.536 0.004 4.71 976.0
2454025.54091 15.547 0.004 5.07 859.0
2454027.54579 15.541 0.004 4.63 791.0
2454030.53760 15.567 0.005 6.42 707.0
2454036.51883 15.552 0.005 5.73 1227.0
2454040.49996 15.550 0.006 5.54 1217.0
2454042.53002 15.563 0.006 6.13 1083.0
2454141.85999 15.549 0.005 4.47 1015.0
2454149.87966 15.553 0.005 4.87 852.0
2454153.86598 15.547 0.005 5.02 807.0
2454156.84447 15.540 0.006 6.16 853.0
2454158.86391 15.537 0.005 5.42 893.0
2454161.83184 15.544 0.005 5.31 924.0
2454163.80606 15.545 0.005 3.88 1446.0
2454164.82041 15.553 0.005 4.33 1192.0
2454165.90076 15.551 0.006 6.18 1502.0
2454167.90472 15.558 0.005 4.20 1055.0
2454169.90833 15.549 0.005 4.25 1348.0
2454174.91508 15.559 0.006 4.23 1892.0
2454176.88426 15.551 0.005 3.81 812.0
2454178.77655 15.555 0.005 4.70 754.0
2454179.83535 15.564 0.005 3.83 816.0
2454180.91472 15.548 0.007 6.38 1395.0
2454182.81658 15.556 0.004 3.90 671.0
2454183.85271 15.545 0.005 6.11 771.0
2454184.89317 15.548 0.004 4.83 628.0
2454185.86907 15.552 0.005 5.37 701.0
2454189.89913 15.568 0.006 5.99 788.0
2454191.85882 15.537 0.005 5.71 896.0
2454192.77406 15.553 0.006 5.61 1010.0
2454194.77348 15.548 0.005 4.54 931.0
2454196.76374 15.540 0.006 6.25 1025.0
2454202.74515 15.554 0.005 4.80 929.0
2454203.73333 15.557 0.004 4.23 692.0
2454203.91773 15.555 0.005 3.54 892.0
2454204.72165 15.544 0.005 4.75 841.0
2454205.72206 15.550 0.005 5.14 689.0
2454207.71155 15.554 0.005 4.92 846.0
2454207.88676 15.553 0.005 3.83 728.0
2454208.73367 15.552 0.005 4.48 747.0
2454211.74632 15.563 0.005 5.66 686.0
2454212.90765 15.550 0.005 5.23 716.0
2454213.74032 15.545 0.005 4.65 673.0
2454215.73027 15.544 0.005 5.17 759.0
2454216.68763 15.548 0.005 4.71 836.0
2454216.88071 15.572 0.003 4.70 314.0
2454217.69323 15.547 0.004 4.04 828.0
2454218.71743 15.560 0.006 6.81 813.0
2454219.73888 15.549 0.005 5.22 745.0
2454220.67859 15.539 0.005 5.67 926.0
2454221.72070 15.559 0.005 5.30 1047.0
2454222.89895 15.542 0.005 4.09 1047.0
2454223.72652 15.558 0.006 4.84 1469.0
2454224.77091 15.552 0.005 4.98 1177.0
2454228.66514 15.546 0.005 4.53 1052.0
2454228.89688 15.555 0.006 5.66 1041.0
2454229.65996 15.553 0.006 6.03 911.0
2454229.85701 15.562 0.005 4.47 889.0
2454229.91864 15.542 0.005 4.42 901.0
2454230.66980 15.559 0.005 4.52 770.0
2454230.85776 15.548 0.005 4.67 822.0
2454230.91948 15.548 0.006 6.52 989.0
2454231.65415 15.541 0.004 4.77 789.0
2454231.82958 15.552 0.005 4.27 827.0
2454231.92248 15.544 0.005 4.40 976.0
2454232.73693 15.557 0.005 4.94 938.0
2454232.90399 15.553 0.005 5.49 867.0
2454233.78028 15.554 0.006 6.34 891.0
2454234.69700 15.539 0.005 5.47 854.0
2454235.87921 15.554 0.005 4.25 772.0
2454237.68025 15.550 0.004 5.37 723.0
2454238.71789 15.559 0.005 4.69 775.0
2454238.86386 15.551 0.005 4.84 957.0
2454239.60832 15.552 0.006 6.27 863.0
2454240.66536 15.551 0.005 4.33 767.0
2454240.79675 15.555 0.005 5.44 793.0
2454240.93092 15.545 0.005 4.94 889.0
2454243.62791 15.568 0.006 5.56 899.0
2454243.72418 15.554 0.005 4.67 749.0
2454243.81776 15.560 0.005 5.48 802.0
2454243.93543 15.550 0.005 4.94 997.0
2454244.60372 15.544 0.005 5.71 1004.0
2454244.69978 15.547 0.005 4.57 803.0
2454244.79264 15.548 0.005 4.39 816.0
2454245.59642 15.567 0.004 5.47 528.0
2454245.69011 15.553 0.005 4.43 644.0
2454245.78329 15.558 0.005 4.39 647.0
2454246.65515 15.559 0.005 4.82 753.0
2454246.74817 15.556 0.005 5.41 770.0
2454246.84140 15.562 0.005 4.95 922.0
2454247.63811 15.531 0.006 6.03 1654.0
2454247.80336 15.550 0.005 4.82 843.0
2454250.71847 15.556 0.005 4.29 1033.0
2454251.79003 15.558 0.006 4.61 1443.0
2454256.60528 15.553 0.005 5.41 1035.0
2454256.75215 15.565 0.006 6.09 952.0
2454256.84996 15.561 0.006 6.37 1101.0
2454257.63718 15.559 0.006 6.10 872.0
2454258.62069 15.532 0.006 6.85 773.0
2454258.74338 15.563 0.005 4.84 787.0
2454258.83866 15.538 0.005 5.42 914.0
2454267.58072 15.553 0.005 5.52 836.0
2454268.76813 15.555 0.005 4.91 754.0
2454268.88851 15.557 0.005 5.10 945.0
2454269.56306 15.558 0.005 4.91 868.0
2454269.68410 15.558 0.005 5.05 635.0
2454269.77483 15.548 0.004 5.06 687.0
2454270.55858 15.574 0.005 5.11 966.0
2454272.62699 15.558 0.004 3.78 780.0
2454272.77612 15.559 0.005 4.22 827.0
2454272.84762 15.557 0.005 5.63 994.0
2454273.60399 15.548 0.006 6.82 905.0
2454273.78485 15.551 0.006 5.33 1059.0
2454273.84463 15.551 0.006 5.33 1112.0
2454274.59645 15.560 0.006 5.45 1075.0
2454274.75099 15.557 0.005 4.16 849.0
2454274.81011 15.515 0.004 5.18 930.0
2454275.58919 15.548 0.005 4.57 909.0
2454275.76460 15.545 0.005 4.30 943.0
2454275.82307 15.553 0.005 4.87 1071.0
2454275.88425 15.540 0.006 6.18 1267.0
2454276.57397 15.569 0.006 5.88 880.0
2454277.51781 15.554 0.006 5.24 1278.0
2454277.69299 15.566 0.005 4.47 828.0
2454277.75347 15.566 0.005 5.26 817.0
2454277.81204 15.551 0.006 6.07 1060.0
2454278.55161 15.552 0.006 5.64 1217.0
2454278.73883 15.534 0.006 5.47 927.0
2454278.81183 15.543 0.006 5.63 1177.0
2454283.49728 15.552 0.006 4.46 1458.0
2454283.70747 15.546 0.006 4.73 2058.0
2454284.49231 15.553 0.005 4.61 1073.0
2454284.72277 15.554 0.005 4.10 980.0
2454284.78499 15.551 0.005 4.29 1121.0
2454284.85007 15.555 0.006 4.98 1495.0
2454285.49078 15.553 0.006 4.60 1211.0
2454285.68269 15.545 0.005 4.74 926.0
2454285.74736 15.556 0.005 4.99 802.0
2454285.81512 15.553 0.005 5.04 931.0
2454286.49461 15.558 0.006 5.91 1237.0
2454286.78506 15.557 0.005 4.02 1447.0
2454289.49881 15.557 0.006 6.60 986.0
2454289.71815 15.545 0.006 5.89 848.0
2454289.78321 15.542 0.005 5.23 873.0
2454289.85001 15.544 0.005 5.20 886.0
2454290.54922 15.545 0.005 5.61 719.0
2454291.65161 15.544 0.005 4.73 686.0
2454291.77400 15.548 0.005 5.51 750.0
2454292.47733 15.559 0.005 4.10 971.0
2454292.65543 15.558 0.005 4.20 727.0
2454292.71506 15.563 0.004 3.75 710.0
2454292.77381 15.552 0.004 3.81 788.0
2454292.83777 15.564 0.005 4.58 1003.0
2454293.47767 15.565 0.005 4.81 909.0
2454293.68359 15.547 0.005 4.18 699.0
2454293.74236 15.550 0.004 3.87 682.0
2454293.81997 15.552 0.005 4.71 769.0
2454294.47694 15.549 0.005 4.53 973.0
2454295.47848 15.558 0.006 6.61 851.0
2454295.68198 15.547 0.005 5.33 576.0
2454295.74068 15.546 0.004 4.12 577.0
2454295.82293 15.549 0.005 5.01 729.0
2454296.47975 15.561 0.006 5.56 826.0
2454296.66821 15.553 0.005 4.63 583.0
2454296.76317 15.550 0.005 5.30 656.0
2454297.50056 15.554 0.005 5.31 806.0
2454297.70144 15.560 0.005 4.72 611.0
2454297.80640 15.549 0.005 6.16 694.0
2454298.53526 15.551 0.005 5.94 682.0
2454298.64108 15.554 0.005 5.17 597.0
2454298.73460 15.564 0.005 5.36 652.0
2454299.51808 15.549 0.005 4.69 722.0
2454299.61146 15.558 0.004 4.19 606.0
2454299.70364 15.556 0.004 4.34 579.0
2454299.79383 15.550 0.005 5.80 676.0
2454300.50969 15.560 0.005 4.24 739.0
2454300.63342 15.542 0.004 4.57 579.0
2454300.72985 15.565 0.005 4.17 633.0
2454301.50405 15.579 0.005 4.64 895.0
2454301.59634 15.558 0.004 3.89 730.0
2454301.69296 15.548 0.005 5.01 661.0
2454301.79154 15.542 0.004 4.28 680.0
2454302.57984 15.548 0.004 5.19 786.0
2454302.67171 15.571 0.005 5.52 673.0
2454303.65269 15.556 0.005 6.22 631.0
2454304.53781 15.545 0.005 5.14 1087.0
2454304.64722 15.545 0.005 5.38 911.0
2454306.52611 15.572 0.006 6.01 960.0
2454306.66261 15.552 0.005 5.06 831.0
2454307.76314 15.537 0.005 4.10 1096.0
2454311.73863 15.539 0.006 5.63 1415.0
2454312.50842 15.562 0.006 5.06 1253.0
2454312.70362 15.559 0.005 4.34 923.0
2454312.80118 15.544 0.006 5.76 1133.0
2454315.54257 15.553 0.005 4.39 787.0
2454316.57143 15.542 0.005 4.36 662.0
2454317.49382 15.558 0.005 4.22 770.0
2454319.50289 15.552 0.005 5.32 832.0
2454319.75734 15.561 0.005 5.07 862.0
2454320.52589 15.548 0.005 5.14 716.0
2454326.48144 15.574 0.005 5.30 791.0
2454327.57486 15.555 0.006 6.08 720.0
2454328.50194 15.541 0.005 4.64 945.0
2454328.67890 15.557 0.005 5.43 790.0
2454329.51232 15.553 0.005 5.40 768.0
2454329.66015 15.557 0.005 5.83 746.0
2454329.71893 15.542 0.006 6.03 855.0
2454330.52465 15.555 0.005 4.72 711.0
2454330.67563 15.563 0.005 4.10 705.0
2454331.50484 15.558 0.005 4.69 745.0
2454331.67138 15.557 0.005 5.67 688.0
2454332.48260 15.570 0.004 3.58 806.0
2454333.51367 15.545 0.005 4.97 899.0
2454333.67472 15.549 0.005 5.08 834.0
2454334.48688 15.554 0.007 5.76 1701.0
2454334.58451 15.555 0.007 4.61 3221.0
2454338.48703 15.556 0.006 4.63 1367.0
2454339.50648 15.555 0.005 4.54 1200.0
2454339.67766 15.547 0.006 6.02 1180.0
2454340.57515 15.556 0.006 5.65 1148.0
2454341.48743 15.541 0.006 5.90 1081.0
2454342.51674 15.551 0.005 5.47 857.0
2454343.48484 15.553 0.005 3.95 925.0
2454343.69257 15.554 0.006 5.50 961.0
2454344.52345 15.565 0.006 6.21 942.0
2454345.48888 15.566 0.005 3.99 867.0
2454346.49748 15.551 0.005 4.91 918.0
2454347.51646 15.573 0.006 5.87 787.0
2454348.51319 15.550 0.005 5.08 794.0
2454350.51205 15.541 0.005 4.09 854.0
2454351.48729 15.546 0.005 4.16 808.0
2454352.53477 15.556 0.006 6.11 832.0
2454353.49468 15.555 0.005 4.45 896.0
2454354.52326 15.538 0.005 4.48 873.0
2454355.51385 15.568 0.005 4.72 926.0
2454356.49133 15.558 0.005 4.21 809.0
2454357.57459 15.566 0.006 6.72 841.0
2454358.53183 15.551 0.006 5.70 833.0
2454359.50064 15.536 0.005 5.26 855.0
2454361.55363 15.550 0.006 6.21 974.0
2454362.48901 15.565 0.006 4.65 2064.0
2454365.54601 15.554 0.006 6.53 1159.0
2454367.52233 15.545 0.005 4.37 1121.0
2454368.55791 15.563 0.006 5.30 1038.0
2454369.56683 15.557 0.006 5.79 1218.0
2454370.54483 15.561 0.005 4.04 1075.0
2454371.51829 15.554 0.005 4.02 960.0
2454372.50281 15.567 0.005 4.03 808.0
2454373.56824 15.555 0.005 5.00 980.0
2454375.55441 15.544 0.006 6.46 1012.0
2454377.59247 15.541 0.005 5.57 944.0
2454378.50250 15.559 0.005 5.13 777.0
2454379.51783 15.543 0.006 6.52 941.0
2454380.52936 15.556 0.005 4.72 854.0
2454381.50732 15.563 0.006 6.43 1037.0
2454382.59587 15.543 0.006 5.71 1026.0
2454383.52081 15.558 0.005 4.83 918.0
2454384.55781 15.538 0.006 6.58 861.0
2454387.55071 15.556 0.005 5.10 977.0
2454393.51516 15.551 0.005 4.34 1054.0
2454394.57255 15.547 0.006 5.89 1299.0
2454395.54396 15.553 0.006 5.13 1133.0
2454396.55650 15.547 0.007 6.19 1529.0
2454397.51534 15.535 0.006 5.32 1307.0
2454398.52297 15.559 0.006 4.98 1313.0
2454399.55854 15.556 0.006 5.28 1433.0
2454400.51793 15.539 0.006 5.79 1454.0
2454402.53256 15.552 0.007 6.65 1123.0
2454403.53355 15.556 0.006 5.67 1118.0
2454506.88460 15.560 0.006 5.98 1298.0
2454510.88139 15.549 0.005 5.30 912.0
2454513.84537 15.538 0.004 5.09 927.0
2454517.83944 15.532 0.007 6.60 1315.0
2454519.82536 15.560 0.006 5.82 1086.0
2454522.85422 15.559 0.006 6.49 1016.0
2454524.83789 15.554 0.005 4.37 1014.0
2454530.80003 15.546 0.004 3.75 845.0
2454533.83379 15.552 0.005 5.43 762.0
2454535.88378 15.549 0.005 5.01 756.0
2454537.78340 15.552 0.005 6.23 738.0
2454538.87735 15.543 0.005 5.34 762.0
2454539.83856 15.558 0.004 4.53 681.0
2454540.84847 15.555 0.004 4.51 759.0
2454541.77749 15.549 0.004 4.83 700.0
2454542.77203 15.552 0.006 6.62 890.0
2454543.76768 15.560 0.005 5.27 838.0
2454544.76454 15.565 0.005 5.53 1005.0
2454545.75125 15.551 0.005 5.65 1068.0
2454546.75786 15.561 0.005 5.46 1075.0
2454547.77203 15.560 0.005 4.27 1064.0
2454548.82491 15.546 0.005 4.68 924.0
2454550.79716 15.547 0.005 5.76 875.0
2454551.74349 15.562 0.006 5.60 1064.0
2454552.78714 15.554 0.007 5.67 2409.0
2454556.73982 15.564 0.004 4.82 669.0
2454557.75740 15.553 0.005 5.43 646.0
2454558.77758 15.558 0.004 4.47 655.0
2454559.73044 15.534 0.004 4.59 597.0
2454559.91935 15.541 0.005 5.33 1042.0
2454560.73279 15.557 0.005 5.51 602.0
2454560.91997 15.552 0.004 3.88 1014.0
2454561.72323 15.545 0.004 4.74 720.0
2454561.90932 15.547 0.004 4.16 677.0
2454564.71344 15.542 0.005 5.66 651.0
2454564.91371 15.547 0.004 4.09 653.0
2454565.71161 15.544 0.004 4.20 653.0
2454565.90219 15.543 0.004 3.03 656.0
2454566.71091 15.548 0.004 4.52 640.0
2454566.90397 15.563 0.004 3.23 651.0
2454567.70309 15.551 0.004 4.48 767.0
2454567.90982 15.552 0.004 3.59 729.0
2454568.70863 15.553 0.005 5.95 701.0
2454569.71829 15.554 0.005 5.51 682.0
2454570.70961 15.564 0.005 5.69 773.0
2454571.69742 15.539 0.006 6.74 843.0
2454571.89540 15.557 0.004 3.61 666.0
2454572.72058 15.548 0.005 6.54 805.0
2454573.72300 15.549 0.005 4.89 870.0
2454574.72543 15.555 0.005 4.62 903.0
2454575.73083 15.550 0.004 4.05 945.0
2454576.73852 15.559 0.005 4.93 1089.0
2454577.82271 15.550 0.005 4.76 889.0
2454578.77383 15.551 0.006 6.09 1278.0
2454579.85051 15.550 0.005 4.77 1020.0
2454583.71750 15.553 0.005 5.83 970.0
2454583.90265 15.558 0.005 4.95 730.0
2454585.73798 15.553 0.005 5.94 766.0
2454586.74587 15.550 0.005 5.71 711.0
2454587.75412 15.564 0.005 6.56 716.0
2454587.91253 15.544 0.005 4.72 804.0
2454588.71930 15.555 0.004 4.74 695.0
2454589.70163 15.555 0.005 5.73 735.0
2454589.85692 15.554 0.005 4.62 714.0
2454589.91894 15.549 0.005 4.89 775.0
2454590.67900 15.547 0.005 4.79 784.0
2454590.88466 15.549 0.004 4.06 806.0
2454591.69081 15.546 0.005 4.96 868.0
2454591.86284 15.544 0.004 3.99 815.0
2454591.92496 15.549 0.005 3.92 1004.0
2454592.64929 15.538 0.005 4.77 1025.0
2454592.83847 15.540 0.005 4.50 1057.0
2454592.90184 15.550 0.005 4.29 1053.0
2454593.63858 15.554 0.005 4.73 878.0
2454593.84806 15.552 0.004 4.14 840.0
2454593.91016 15.547 0.004 4.03 923.0
2454594.65961 15.555 0.005 5.74 794.0
2454594.85435 15.535 0.004 4.35 792.0
2454594.92016 15.550 0.005 4.63 781.0
2454595.64509 15.567 0.005 6.11 794.0
2454595.84324 15.547 0.005 4.97 685.0
2454595.90534 15.551 0.005 5.19 730.0
2454596.63840 15.550 0.005 5.30 782.0
2454596.91809 15.549 0.004 3.96 739.0
2454597.66887 15.554 0.005 5.51 672.0
2454597.86020 15.553 0.004 4.02 774.0
2454597.93127 15.553 0.005 4.81 946.0
2454598.63866 15.555 0.004 4.18 628.0
2454598.88345 15.544 0.004 3.49 700.0
2454599.61748 15.551 0.005 5.06 893.0
2454599.82150 15.562 0.004 4.03 665.0
2454600.62667 15.544 0.004 4.45 672.0
2454600.93322 15.546 0.005 4.01 1111.0
2454601.63227 15.541 0.005 4.66 877.0
2454601.84855 15.543 0.004 3.63 596.0
2454601.91050 15.549 0.004 4.19 658.0
2454602.61968 15.544 0.004 4.26 861.0
2454602.83427 15.544 0.004 3.40 770.0
2454603.75229 15.541 0.004 4.87 743.0
2454606.62004 15.546 0.005 4.28 1307.0
2454610.72178 15.549 0.005 3.89 962.0
2454610.92921 15.542 0.005 4.53 1232.0
2454611.61180 15.547 0.006 5.96 992.0
2454611.84472 15.538 0.004 3.64 1007.0
2454612.63322 15.541 0.005 6.02 998.0
2454615.77488 15.538 0.005 5.64 791.0
2454615.82641 15.551 0.005 4.82 820.0
2454615.90485 15.549 0.006 6.09 1055.0
2454616.58392 15.537 0.006 6.13 881.0
2454616.60929 15.551 0.005 4.90 818.0
2454616.63785 15.545 0.004 4.67 714.0
2454616.67059 15.546 0.004 4.62 719.0
2454616.69357 15.552 0.005 4.55 718.0
2454616.71380 15.546 0.005 4.68 712.0
2454616.73963 15.556 0.004 4.39 651.0
2454616.76868 15.561 0.004 4.12 646.0
2454616.78612 15.548 0.005 4.73 669.0
2454616.80039 15.542 0.004 4.36 669.0
2454616.83142 15.551 0.005 4.59 734.0
2454616.85437 15.552 0.005 4.23 747.0
2454616.87018 15.548 0.005 4.50 820.0
2454616.89582 15.552 0.005 4.88 988.0
2454616.91426 15.559 0.005 4.97 1015.0
2454616.93679 15.551 0.006 5.61 1155.0
2454617.62598 15.566 0.004 5.00 740.0
2454617.63006 15.543 0.005 4.54 802.0
2454617.64173 15.543 0.005 4.96 745.0
2454617.64743 15.558 0.005 5.01 733.0
2454617.65566 15.547 0.005 4.70 723.0
2454617.66417 15.556 0.004 4.64 720.0
2454617.67242 15.555 0.005 4.81 716.0
2454617.68080 15.547 0.005 4.73 729.0
2454617.68910 15.536 0.004 3.91 713.0
2454617.72173 15.556 0.005 4.66 712.0
2454617.73294 15.559 0.005 5.68 747.0
2454617.74507 15.553 0.005 4.69 721.0
2454617.75627 15.550 0.005 4.67 732.0
2454617.76739 15.546 0.005 4.81 739.0
2454617.77857 15.550 0.005 4.55 731.0
2454617.79410 15.557 0.005 4.87 768.0
2454617.80513 15.547 0.005 5.53 806.0
2454617.82537 15.546 0.005 5.31 799.0
2454617.84045 15.559 0.006 6.06 811.0
2454617.89024 15.559 0.005 5.64 914.0
2454617.90156 15.540 0.006 6.25 937.0
2454617.92351 15.552 0.006 5.97 1014.0
2454617.93884 15.557 0.007 6.71 1164.0
2454618.59547 15.543 0.005 5.45 806.0
2454618.65244 15.544 0.005 4.75 733.0
2454618.71727 15.554 0.004 4.16 715.0
2454621.68464 15.549 0.003 3.84 643.0
2454622.77721 15.551 0.005 5.41 791.0
2454622.89542 15.560 0.005 5.42 1011.0
2454623.60882 15.545 0.005 6.20 741.0
2454623.84918 15.544 0.005 5.29 957.0
2454623.92010 15.566 0.006 5.96 1079.0
2454624.56095 15.545 0.006 6.18 989.0
2454624.79281 15.553 0.005 4.55 704.0
2454624.85943 15.548 0.005 4.45 756.0
2454625.58716 15.547 0.005 6.21 770.0
2454625.77525 15.548 0.005 5.70 860.0
2454625.86917 15.550 0.005 5.48 841.0
2454626.58456 15.534 0.005 6.54 698.0
2454626.83756 15.567 0.005 5.08 719.0
2454627.54249 15.551 0.005 4.68 921.0
2454627.81103 15.564 0.004 4.02 607.0
2454627.89771 15.557 0.005 4.58 686.0
2454628.57579 15.539 0.005 5.23 799.0
2454628.73956 15.557 0.004 4.33 696.0
2454628.80516 15.547 0.005 4.54 707.0
2454628.86714 15.560 0.005 4.98 738.0
2454629.58901 15.569 0.005 6.66 735.0
2454629.80869 15.559 0.005 4.33 829.0
2454629.89098 15.553 0.005 5.19 848.0
2454630.54247 15.556 0.006 5.61 950.0
2454630.75251 15.544 0.004 3.92 779.0
2454630.83568 15.557 0.005 4.38 793.0
2454630.89868 15.565 0.005 5.68 906.0
2454631.54800 15.558 0.005 4.06 1002.0
2454631.76383 15.550 0.005 4.58 759.0
2454631.84158 15.563 0.005 4.18 795.0
2454631.91654 15.554 0.005 5.01 1229.0
2454632.54532 15.533 0.005 5.75 1162.0
2454632.81037 15.563 0.004 3.69 875.0
2454633.55136 15.561 0.005 4.60 1084.0
2454633.65322 15.548 0.005 4.39 908.0
2454633.77481 15.553 0.005 3.98 1323.0
2454638.73689 15.550 0.005 4.85 910.0
2454638.83456 15.554 0.005 4.31 1072.0
2454639.54957 15.562 0.006 6.15 1242.0
2454639.65574 15.546 0.004 3.94 982.0
2454639.83513 15.571 0.006 5.35 1936.0
2454640.57566 15.552 0.005 4.60 824.0
2454640.70656 15.565 0.005 4.26 741.0
2454640.81385 15.546 0.005 5.12 812.0
2454641.59850 15.546 0.004 4.44 706.0
2454641.75411 15.537 0.004 4.24 785.0
2454642.57423 15.562 0.005 5.18 776.0
2454642.73474 15.557 0.004 4.42 686.0
2454642.81268 15.566 0.005 4.87 811.0
2454643.53440 15.542 0.005 6.32 902.0
2454644.64684 15.552 0.005 5.19 714.0
2454644.80902 15.556 0.005 4.63 754.0
2454644.82616 15.559 0.005 4.58 784.0
2454644.83461 15.561 0.004 4.12 774.0
2454644.83947 15.552 0.004 4.07 767.0
2454644.84238 15.555 0.004 4.23 768.0
2454644.85247 15.545 0.005 4.92 749.0
2454644.86069 15.546 0.005 5.17 772.0
2454644.87501 15.580 0.005 5.19 803.0
2454644.88041 15.560 0.005 5.71 801.0
2454644.89159 15.555 0.005 5.57 811.0
2454644.89777 15.566 0.005 5.75 854.0
2454644.90064 15.559 0.006 6.69 876.0
2454644.90351 15.555 0.007 7.91 880.0
2454644.90661 15.564 0.007 7.57 886.0
2454645.48646 15.561 0.006 5.41 1291.0
2454645.50103 15.535 0.005 4.75 1192.0
2454645.51029 15.548 0.005 5.20 1160.0
2454645.53687 15.557 0.006 6.44 1114.0
2454645.65563 15.543 0.004 4.49 623.0
2454645.75173 15.555 0.005 4.60 761.0
2454645.79045 15.555 0.005 5.54 819.0
2454645.82758 15.553 0.005 5.41 926.0
2454645.89235 15.562 0.006 6.11 1244.0
2454646.48812 15.547 0.005 4.43 1086.0
2454646.50287 15.543 0.005 4.56 989.0
2454646.83499 15.566 0.005 5.33 979.0
2454646.88846 15.551 0.006 5.98 1226.0
2454647.48175 15.554 0.005 4.29 1465.0
2454647.49740 15.552 0.005 4.08 1363.0
2454647.72224 15.558 0.005 4.73 871.0
2454647.82901 15.566 0.005 5.94 936.0
2454648.52579 15.550 0.005 4.48 938.0
2454648.61525 15.550 0.005 5.41 813.0
2454648.69149 15.557 0.005 4.72 739.0
2454648.84319 15.544 0.005 5.52 940.0
2454649.50595 15.555 0.005 5.76 1018.0
2454649.71643 15.554 0.005 4.47 705.0
2454649.83095 15.549 0.005 5.72 799.0
2454650.53745 15.557 0.005 4.87 1050.0
2454650.75490 15.541 0.005 4.51 659.0
2454650.83986 15.555 0.005 5.64 876.0
2454651.49767 15.567 0.005 5.12 1160.0
2454651.79049 15.542 0.005 5.98 861.0
2454652.48925 15.548 0.005 5.54 1118.0
2454652.69183 15.544 0.005 4.38 769.0
2454652.77342 15.540 0.005 4.85 729.0
2454652.82697 15.546 0.005 5.01 848.0
2454653.48568 15.553 0.006 6.16 1164.0
2454653.70478 15.558 0.005 4.72 830.0
2454653.77001 15.537 0.005 4.92 840.0
2454654.52102 15.539 0.005 6.52 809.0
2454654.73270 15.546 0.005 4.50 734.0
2454654.80097 15.565 0.005 5.47 994.0
2454655.48549 15.560 0.005 5.14 1234.0
2454655.70988 15.556 0.004 3.81 615.0
2454655.77179 15.556 0.004 4.21 753.0
2454656.48750 15.552 0.004 3.85 886.0
2454656.67727 15.549 0.005 4.08 912.0
2454656.79287 15.535 0.005 3.96 1107.0
2454657.56205 15.559 0.005 5.56 887.0
2454658.64583 15.547 0.005 5.67 794.0
2454659.57926 15.548 0.006 6.18 802.0
2454660.53524 15.548 0.006 6.61 1010.0
2454661.47563 15.559 0.005 4.23 1319.0
2454661.67315 15.543 0.005 3.86 898.0
2454661.73774 15.551 0.005 3.99 1015.0
2454661.80484 15.553 0.005 4.70 1184.0
2454665.64285 15.549 0.006 4.90 1527.0
2454666.48710 15.543 0.006 6.42 1357.0
2454666.67176 15.557 0.005 4.72 1018.0
2454669.59718 15.539 0.005 5.57 1086.0
2454670.63318 15.556 0.005 5.17 738.0
2454671.55417 15.546 0.006 6.86 657.0
2454671.76113 15.551 0.005 5.35 768.0
2454672.48889 15.561 0.004 4.84 884.0
2454672.75235 15.558 0.005 4.87 899.0
2454672.79137 15.559 0.005 5.59 856.0
2454674.49334 15.567 0.006 6.22 806.0
2454675.64807 15.564 0.005 4.42 709.0
2454677.47394 15.549 0.005 4.63 1046.0
2454677.62033 15.552 0.005 5.65 684.0
2454677.70407 15.561 0.005 5.00 710.0
2454678.67385 15.549 0.004 4.03 649.0
2454679.56669 15.560 0.006 6.68 727.0
2454681.51533 15.555 0.005 4.97 738.0
2454681.61544 15.554 0.005 5.16 641.0
2454682.48639 15.557 0.004 4.17 811.0
2454682.56231 15.549 0.005 4.78 769.0
2454683.69179 15.568 0.005 5.95 714.0
2454684.48854 15.565 0.005 5.15 992.0
2454685.53072 15.563 0.005 4.89 875.0
2454686.48601 15.547 0.005 4.84 888.0
2454687.51197 15.571 0.005 4.77 758.0
2454687.72535 15.568 0.005 5.61 909.0
2454688.48262 15.562 0.006 6.61 986.0
2454688.67260 15.556 0.005 4.54 720.0
2454688.73428 15.569 0.006 6.32 832.0
2454693.52707 15.549 0.005 4.54 1009.0
2454694.52551 15.561 0.006 6.25 1002.0
2454697.48621 15.552 0.005 5.36 745.0
2454698.48676 15.566 0.006 6.56 701.0
2454699.48565 15.552 0.005 5.22 757.0
2454700.49398 15.566 0.005 5.08 801.0
2454701.48931 15.555 0.005 5.29 837.0
2454702.48771 15.565 0.005 5.33 805.0
2454703.59562 15.556 0.005 4.73 721.0
2454704.60285 15.548 0.004 4.05 778.0
2454705.49158 15.556 0.005 5.85 818.0
2454707.59249 15.546 0.004 4.18 678.0
2454708.52424 15.546 0.005 4.71 760.0
2454709.50029 15.560 0.005 6.18 832.0
2454710.52780 15.553 0.004 4.97 805.0
2454711.50985 15.562 0.005 5.64 788.0
2454715.56990 15.533 0.005 5.31 829.0
2454716.56074 15.561 0.005 3.90 1342.0
2454720.51336 15.545 0.005 5.03 1041.0
2454721.51423 15.543 0.006 6.31 1098.0
2454722.62650 15.543 0.005 5.06 1073.0
2454724.49333 15.555 0.006 5.99 997.0
2454725.56720 15.557 0.005 5.23 1114.0
2454726.53176 15.566 0.006 6.32 915.0
2454728.57623 15.553 0.005 5.79 794.0
2454729.51677 15.548 0.005 6.04 766.0
2454730.60263 15.562 0.005 5.93 791.0
2454731.53969 15.550 0.005 5.96 760.0
2454733.49128 15.560 0.005 4.87 794.0
2454734.53770 15.555 0.005 5.63 834.0
2454737.52592 15.558 0.005 5.15 713.0
2454740.53799 15.560 0.005 6.10 782.0
2454741.51080 15.552 0.004 4.16 760.0
2454743.51925 15.566 0.005 5.14 816.0
2454750.58588 15.554 0.006 6.76 1239.0
2454756.50170 15.567 0.006 5.68 930.0
2454765.50339 15.553 0.005 5.45 920.0
2454768.50488 15.568 0.006 6.14 1169.0
2454867.87886 15.565 0.005 4.83 1251.0
2454870.88785 15.549 0.006 5.37 1999.0
2454872.89017 15.567 0.007 6.37 1956.0
2454876.85159 15.549 0.005 5.37 924.0
2454884.83465 15.548 0.004 4.16 988.0
2454886.88534 15.551 0.005 4.65 862.0
2454890.86752 15.561 0.004 4.33 738.0
2454896.85517 15.540 0.004 5.21 695.0
2454899.82665 15.565 0.005 4.49 964.0
2454900.80637 15.538 0.005 4.69 1102.0
2454901.86650 15.554 0.004 3.80 905.0
2454902.86488 15.559 0.004 4.66 850.0
2454904.78929 15.551 0.005 4.59 954.0
2454905.89308 15.551 0.005 4.77 941.0
2454910.79514 15.574 0.005 4.68 1587.0
2454911.76577 15.555 0.004 4.25 637.0
2454912.76258 15.541 0.004 4.34 653.0
2454914.76556 15.575 0.004 5.29 611.0
2454918.76244 15.559 0.004 4.32 668.0
2454924.72450 15.560 0.004 5.10 737.0
2454925.77380 15.544 0.004 4.58 738.0
2454925.88983 15.557 0.004 3.29 721.0
2454926.73762 15.542 0.005 5.12 972.0
2454927.82514 15.549 0.004 4.66 769.0
2454928.71884 15.519 0.005 5.02 898.0
2454929.71874 15.521 0.005 6.02 1061.0
2454929.89931 15.507 0.004 3.92 806.0
2454930.77675 15.476 0.004 4.52 1077.0
2454930.81384 15.463 0.004 5.00 1000.0
2454931.69868 15.378 0.005 6.29 1320.0
2454931.82104 15.381 0.004 3.90 964.0
2454932.77631 15.110 0.003 4.33 944.0
2454933.69642 14.584 0.003 5.98 1257.0
2454933.82459 14.499 0.002 4.52 955.0
2454934.70957 14.705 0.003 5.67 1818.0
2454934.78366 14.754 0.003 5.14 1290.0
2454934.79998 14.766 0.003 4.41 1185.0
2454938.70452 15.518 0.004 4.21 961.0
2454938.80443 15.510 0.004 4.07 977.0
2454939.73011 15.542 0.004 4.11 797.0
2454939.82503 15.529 0.005 4.68 798.0
2454940.72760 15.543 0.004 4.40 718.0
2454941.70229 15.559 0.004 4.54 779.0
2454941.82936 15.532 0.004 4.57 709.0
2454942.68182 15.555 0.005 5.26 835.0
2454942.85470 15.543 0.004 4.34 670.0
2454943.69416 15.558 0.004 5.01 666.0
2454943.76024 15.559 0.004 3.82 642.0
2454944.69953 15.565 0.004 4.50 757.0
2454944.77471 15.564 0.004 3.59 695.0
2454945.69628 15.561 0.005 4.64 805.0
2454945.85154 15.537 0.004 3.06 680.0
2454946.75637 15.546 0.004 3.88 678.0
2454947.84036 15.555 0.004 3.69 767.0
2454948.86356 15.555 0.004 3.59 632.0
2454949.65899 15.549 0.004 4.81 857.0
2454950.69999 15.566 0.004 4.66 708.0
2454951.70715 15.560 0.004 5.15 743.0
2454952.80451 15.552 0.004 4.36 663.0
2454953.66332 15.558 0.005 4.28 815.0
2454953.76903 15.554 0.004 4.29 742.0
2454954.68344 15.563 0.004 4.17 701.0
2454954.78892 15.558 0.004 3.87 656.0
2454955.68738 15.549 0.005 5.18 769.0
