2452129.62312 19.807 0.121 3.60 784.0
2452135.70504 20.269 0.198 4.00 854.0
2452140.66302 20.326 0.271 5.60 712.0
2452144.54739 20.027 0.192 4.47 878.0
2452168.60389 19.970 0.207 5.26 765.0
2452187.51327 19.928 0.204 5.25 957.0
2452331.84956 19.943 0.171 3.88 1163.0
2452346.89588 20.308 0.197 4.00 773.0
2452358.81957 20.278 0.226 4.11 772.0
2452365.91969 20.144 0.243 3.96 1557.0
2452382.90586 20.009 0.181 4.21 828.0
2452386.84916 20.249 0.252 5.01 806.0
2452390.79230 20.229 0.226 4.34 1024.0
2452401.77911 20.118 0.168 3.94 759.0
2452403.83515 20.068 0.141 3.68 775.0
2452405.80360 20.195 0.195 4.54 711.0
2452414.78053 20.289 0.201 4.19 729.0
2452424.84660 20.120 0.287 5.81 1007.0
2452428.74891 20.035 0.167 4.41 769.0
2452432.79208 20.019 0.283 6.53 839.0
2452434.65988 20.142 0.169 3.91 716.0
2452436.70550 20.018 0.144 3.76 736.0
2452438.68382 20.113 0.182 4.66 650.0
2452443.69061 20.201 0.191 4.38 676.0
2452445.57171 20.133 0.220 4.65 904.0
2452448.54505 19.641 0.259 4.48 4115.0
2452453.80721 20.368 0.247 4.54 949.0
2452459.49855 19.889 0.205 6.28 739.0
2452464.70977 19.935 0.123 3.79 635.0
2452467.61274 19.715 0.170 5.79 677.0
2452469.62714 20.178 0.127 3.54 534.0
2452471.63895 20.091 0.134 3.63 645.0
2452483.66888 20.285 0.265 5.02 781.0
2452490.61884 19.975 0.229 6.41 661.0
2452493.57862 20.040 0.162 4.39 745.0
2452495.65268 19.781 0.106 3.71 716.0
2452497.70856 20.037 0.171 4.27 899.0
2452499.75545 19.786 0.142 4.61 941.0
2452502.49907 20.389 0.235 4.05 924.0
2452512.55029 20.005 0.194 4.53 983.0
2452517.65101 20.215 0.192 4.42 747.0
2452520.50975 20.034 0.201 5.15 817.0
2452526.60325 20.036 0.141 3.71 661.0
2452537.58592 19.925 0.261 6.35 995.0
2452541.58404 20.064 0.196 4.52 1042.0
2452547.52212 20.085 0.257 5.19 1072.0
2452551.55830 19.647 0.188 6.30 841.0
2452556.51306 20.114 0.239 4.95 971.0
2452563.54655 20.203 0.207 4.35 1028.0
2452574.52585 19.970 0.237 4.94 1436.0
2452705.88942 20.188 0.181 4.41 615.0
2452714.83961 19.535 0.104 4.20 721.0
2452733.85237 20.238 0.242 4.48 931.0
2452752.89856 19.804 0.174 5.24 942.0
2452756.86960 20.251 0.223 4.76 812.0
2452760.83785 20.177 0.262 5.82 950.0
2452766.86979 19.966 0.175 4.92 831.0
2452770.75743 20.041 0.192 4.63 867.0
2452783.75821 20.074 0.157 4.30 777.0
2452785.86981 19.724 0.150 4.11 1218.0
2452789.67788 19.984 0.144 3.93 742.0
2452791.64049 20.097 0.185 4.66 629.0
2452794.79412 19.924 0.180 5.62 701.0
2452796.74488 20.257 0.176 4.11 633.0
2452809.88968 20.296 0.252 4.27 1129.0
2452810.81672 20.112 0.216 4.58 940.0
2452811.85392 20.205 0.195 4.10 896.0
2452815.77233 20.205 0.200 4.49 706.0
2452817.72522 20.109 0.184 4.65 755.0
2452818.78818 19.974 0.230 5.73 753.0
2452820.66047 20.079 0.187 4.34 844.0
2452835.82877 19.902 0.189 4.17 1370.0
2452839.60355 19.816 0.146 4.82 714.0
2452841.62090 20.220 0.220 4.67 745.0
2452843.55354 20.131 0.220 4.89 900.0
2452845.58896 19.945 0.207 5.79 730.0
2452849.76907 19.987 0.229 5.60 915.0
2452851.75184 20.234 0.275 5.23 897.0
2452856.64343 19.628 0.132 4.61 823.0
2452858.61879 20.110 0.274 4.58 1979.0
2452860.74087 19.663 0.244 4.20 3474.0
2452863.57705 20.293 0.242 4.04 1201.0
2452866.66907 20.122 0.252 5.26 852.0
2452869.66012 20.329 0.238 4.27 776.0
2452872.65465 19.992 0.123 3.57 566.0
2452883.59948 19.984 0.140 4.17 671.0
2452896.61105 20.134 0.190 3.59 919.0
2452902.57811 19.747 0.228 6.11 1038.0
2452907.55249 19.735 0.213 6.33 833.0
2452922.51675 19.919 0.232 5.16 1092.0
2452924.52627 20.317 0.208 3.68 1089.0
2452925.51447 20.174 0.232 5.12 878.0
2452926.54505 19.646 0.149 4.65 816.0
2452927.51523 20.031 0.217 4.89 762.0
2452928.52990 20.332 0.287 4.75 896.0
2452943.49773 19.781 0.284 5.41 2020.0
2452949.50880 19.662 0.268 6.34 1513.0
2453058.84188 20.262 0.171 3.59 815.0
2453063.83656 20.038 0.154 4.08 791.0
2453072.87869 19.755 0.101 3.41 739.0
2453079.83205 20.193 0.212 3.30 1668.0
2453082.79211 20.055 0.152 3.91 619.0
2453084.84890 20.115 0.158 4.13 595.0
2453086.77996 19.912 0.110 3.52 607.0
2453089.80158 19.925 0.131 3.91 669.0
2453091.76369 20.317 0.198 4.05 631.0
2453096.79345 20.406 0.273 5.40 646.0
2453098.80497 20.342 0.178 3.73 703.0
2453100.86032 20.106 0.156 4.17 701.0
2453102.81629 20.238 0.206 4.01 860.0
2453103.89160 20.320 0.221 4.04 802.0
2453106.76913 19.863 0.164 3.55 1402.0
2453107.91597 20.162 0.199 4.87 795.0
2453109.73758 20.107 0.139 3.38 686.0
2453112.74776 20.016 0.150 4.47 568.0
2453113.81697 20.175 0.150 4.60 499.0
2453118.87264 20.147 0.204 5.01 742.0
2453122.82321 19.837 0.175 5.80 613.0
2453125.80366 20.128 0.287 6.68 668.0
2453126.83454 20.050 0.160 4.57 724.0
2453127.74517 20.240 0.195 3.81 784.0
2453128.76756 19.832 0.135 4.43 770.0
2453129.74237 19.753 0.181 4.27 1389.0
2453130.92043 20.272 0.273 4.21 1176.0
2453131.77631 20.152 0.262 4.56 1244.0
2453135.80810 20.143 0.193 4.16 1098.0
2453140.81915 20.075 0.172 4.90 620.0
2453142.71405 20.369 0.189 4.16 600.0
2453144.73644 19.853 0.122 4.45 544.0
2453152.91332 20.164 0.269 5.71 758.0
2453153.70455 20.161 0.266 6.21 640.0
2453154.75970 19.874 0.212 6.80 677.0
2453156.74613 20.048 0.168 4.43 791.0
2453163.71546 20.013 0.143 4.12 726.0
2453163.93905 19.824 0.202 4.69 1451.0
2453164.67924 20.002 0.155 4.37 628.0
2453168.92840 20.415 0.266 4.39 976.0
2453169.66860 19.972 0.136 3.77 643.0
2453170.74148 19.715 0.111 4.50 586.0
2453172.67974 20.236 0.152 3.74 551.0
2453174.65655 19.969 0.119 3.59 646.0
2453175.65842 19.853 0.112 3.49 677.0
2453178.72099 19.708 0.155 5.29 818.0
2453179.59891 19.641 0.092 3.91 606.0
2453179.85467 20.360 0.255 4.81 766.0
2453180.64961 19.889 0.096 3.50 510.0
2453183.66446 20.365 0.282 5.57 630.0
2453184.64410 20.134 0.131 3.78 537.0
2453193.81684 19.767 0.137 4.61 709.0
2453195.61400 20.017 0.148 4.28 625.0
2453196.68951 19.599 0.162 6.15 724.0
2453196.79609 20.132 0.178 4.50 673.0
2453196.85559 20.312 0.245 4.69 784.0
2453197.58961 19.994 0.158 4.63 620.0
2453197.65705 20.392 0.229 4.78 579.0
2453197.73699 20.173 0.169 4.32 615.0
2453199.72355 19.866 0.146 5.29 477.0
2453201.49404 20.184 0.191 4.40 800.0
2453203.71053 19.975 0.145 4.40 536.0
2453204.70615 19.965 0.133 4.20 553.0
2453205.63115 20.081 0.138 4.54 463.0
2453206.61273 19.856 0.121 4.78 492.0
2453211.67490 20.370 0.264 5.80 489.0
2453217.59893 19.955 0.149 3.55 1018.0
2453218.59821 19.976 0.191 4.73 975.0
2453223.59544 19.859 0.257 7.77 686.0
2453224.64517 19.947 0.127 3.82 660.0
2453226.55799 20.050 0.137 4.25 496.0
2453228.51659 20.077 0.163 4.81 583.0
2453229.57473 20.053 0.131 3.94 581.0
2453230.61344 20.044 0.132 4.12 476.0
2453231.51445 19.983 0.199 5.50 689.0
2453239.52308 20.058 0.148 3.93 669.0
2453244.70129 19.711 0.241 4.71 2416.0
2453246.59720 19.587 0.152 5.84 730.0
2453248.66104 20.324 0.258 4.62 746.0
2453250.60046 20.180 0.203 4.67 716.0
2453256.57586 19.921 0.205 5.68 583.0
2453259.56847 20.061 0.227 5.76 601.0
2453264.51198 20.235 0.218 4.40 760.0
2453272.54325 20.122 0.217 4.73 924.0
2453274.57281 20.153 0.262 5.78 826.0
2453278.54690 20.328 0.244 4.42 807.0
2453281.48854 19.784 0.206 6.10 746.0
2453287.55575 19.829 0.168 6.08 584.0
2453415.87928 19.985 0.109 3.42 620.0
2453425.85472 20.343 0.298 5.57 866.0
2453428.86049 20.319 0.189 3.60 754.0
2453430.89733 19.939 0.119 3.46 762.0
2453442.83397 19.961 0.147 4.40 651.0
2453444.88782 19.870 0.118 3.88 621.0
2453449.81356 20.274 0.170 4.18 601.0
2453452.83452 20.259 0.203 4.35 688.0
2453457.82642 19.967 0.179 4.86 775.0
2453459.77161 20.155 0.194 4.25 963.0
2453468.82350 20.328 0.163 3.59 652.0
2453469.83051 20.099 0.122 3.47 555.0
2453471.91078 20.052 0.224 6.24 599.0
2453476.71859 20.321 0.149 3.77 522.0
2453478.78423 20.161 0.159 4.24 539.0
2453481.76286 19.957 0.123 3.72 633.0
2453483.89647 20.019 0.156 3.77 942.0
2453497.73557 19.895 0.156 4.73 720.0
2453499.92552 20.393 0.193 3.97 652.0
2453501.78838 20.151 0.165 4.30 678.0
2453502.76128 19.917 0.106 3.19 677.0
2453503.73032 20.372 0.169 3.71 531.0
2453504.81998 20.247 0.176 4.61 532.0
2453506.88496 20.223 0.192 4.54 674.0
2453508.83560 20.181 0.215 5.14 637.0
2453509.78531 19.924 0.164 5.44 654.0
2453511.74290 20.011 0.162 4.36 751.0
2453522.67828 19.742 0.099 3.71 549.0
2453523.72036 20.127 0.118 3.39 522.0
2453525.69105 20.331 0.156 3.69 521.0
2453527.77840 20.047 0.143 4.30 587.0
2453528.72119 20.389 0.189 4.20 511.0
2453528.78286 19.560 0.125 5.26 605.0
2453529.64325 20.098 0.134 4.18 438.0
2453529.85427 19.921 0.125 3.78 669.0
2453529.91247 20.000 0.149 3.93 798.0
2453530.63306 20.068 0.105 3.13 537.0
2453530.68629 20.245 0.127 3.16 545.0
2453530.88468 20.312 0.159 3.45 622.0
2453537.68183 19.821 0.158 5.23 734.0
2453538.66494 20.165 0.201 4.98 639.0
2453541.81548 20.100 0.169 3.74 904.0
2453547.70700 20.339 0.285 5.73 671.0
2453550.58104 20.325 0.254 4.91 806.0
2453552.60759 20.041 0.138 4.09 894.0
2453554.77708 19.753 0.187 6.07 651.0
2453555.75125 20.011 0.148 4.59 625.0
2453556.81699 20.128 0.263 6.28 650.0
2453560.51063 20.289 0.185 4.27 627.0
2453562.53457 20.378 0.189 4.03 606.0
2453563.58956 20.035 0.139 3.90 604.0
2453564.61768 20.203 0.218 5.30 617.0
2453573.58294 19.988 0.233 6.00 835.0
2453576.60471 20.367 0.241 4.79 681.0
2453577.66683 19.962 0.145 4.41 665.0
2453578.61387 19.768 0.116 4.48 510.0
2453579.57110 20.320 0.174 4.05 546.0
2453580.59256 20.159 0.173 4.34 655.0
2453581.62088 20.364 0.220 4.52 616.0
2453582.56914 20.401 0.243 5.16 540.0
2453584.59513 19.988 0.118 3.84 518.0
2453585.58532 20.160 0.149 4.16 530.0
2453586.63118 20.075 0.152 4.36 530.0
2453589.62397 20.052 0.107 3.36 518.0
2453594.64362 20.057 0.139 4.13 573.0
2453601.57606 20.196 0.183 3.88 884.0
2453603.59009 19.979 0.160 4.59 645.0
2453604.59397 20.229 0.260 4.90 1031.0
2453606.60967 20.249 0.288 6.08 693.0
2453607.58206 19.926 0.137 4.60 545.0
2453608.59093 20.417 0.266 5.31 591.0
2453615.50372 19.973 0.161 5.95 591.0
2453618.62842 19.736 0.133 4.37 758.0
2453620.51683 19.917 0.118 3.86 559.0
2453622.49584 20.339 0.268 5.45 649.0
2453630.50997 20.001 0.259 5.73 963.0
2453631.64017 20.138 0.281 4.89 1403.0
2453637.58529 20.024 0.236 5.70 745.0
2453639.60258 20.121 0.157 3.72 715.0
2453668.50082 19.859 0.195 5.43 834.0
2453780.88419 20.108 0.181 3.69 1006.0
2453790.86369 19.969 0.190 4.11 1100.0
2453792.86033 20.366 0.159 3.57 549.0
2453795.89659 20.068 0.154 3.91 766.0
2453797.89679 20.272 0.168 3.65 725.0
2453799.85167 19.900 0.169 4.72 805.0
2453800.87801 20.052 0.155 4.56 552.0
2453801.86017 20.239 0.173 3.67 680.0
2453803.86100 19.968 0.125 3.32 741.0
2453805.77711 20.309 0.246 4.92 750.0
2453809.77344 20.239 0.198 3.87 996.0
2453810.81804 19.935 0.147 3.91 886.0
2453812.80575 20.343 0.256 4.86 776.0
2453813.77835 20.354 0.196 3.73 739.0
2453818.86080 20.285 0.162 3.60 640.0
2453819.77645 20.264 0.134 3.20 524.0
2453820.91417 20.056 0.169 3.95 806.0
2453822.78930 20.193 0.188 4.43 649.0
2453824.76287 20.334 0.232 4.77 674.0
2453825.77647 20.328 0.293 6.21 587.0
2453827.75764 19.776 0.174 6.37 540.0
2453830.70165 20.116 0.187 4.55 758.0
2453831.70556 20.185 0.145 3.57 693.0
2453833.73203 20.035 0.115 3.70 536.0
2453835.71074 20.066 0.183 4.69 767.0
2453835.89679 20.022 0.122 3.68 543.0
2453836.73914 20.195 0.193 4.35 790.0
2453836.90675 20.251 0.174 4.15 635.0
2453837.87791 20.142 0.134 3.41 698.0
2453840.72645 19.764 0.126 4.07 911.0
2453840.88524 19.713 0.111 3.78 808.0
2453842.81651 19.877 0.121 3.41 818.0
2453846.67454 19.979 0.168 4.79 708.0
2453847.77131 20.042 0.239 6.20 633.0
2453848.72625 19.769 0.128 4.82 533.0
2453849.68998 19.883 0.145 4.53 571.0
2453849.92486 19.896 0.144 4.33 726.0
2453850.66821 19.920 0.136 4.27 647.0
2453850.91274 19.821 0.140 4.56 751.0
2453851.84769 19.777 0.160 5.53 617.0
2453852.90166 20.068 0.202 5.52 616.0
2453853.66146 20.272 0.238 5.21 642.0
2453853.82909 20.003 0.102 3.41 516.0
2453853.90054 20.292 0.147 3.65 567.0
2453855.69542 19.989 0.122 3.71 656.0
2453856.65143 20.333 0.191 3.92 779.0
2453856.81783 20.390 0.204 3.96 667.0
2453857.88766 20.207 0.154 3.70 650.0
2453861.64032 20.338 0.253 5.11 743.0
2453861.74726 19.943 0.132 4.32 550.0
2453862.63747 19.664 0.118 4.46 836.0
2453862.90941 19.916 0.142 4.20 784.0
2453863.66095 19.671 0.114 3.94 948.0
2453864.84146 20.182 0.134 3.73 547.0
2453865.85143 20.328 0.198 4.76 623.0
2453865.92149 19.716 0.092 3.59 587.0
2453866.66054 20.155 0.175 4.21 775.0
2453866.80012 19.989 0.134 4.09 610.0
2453866.87006 20.103 0.164 4.21 650.0
2453867.67542 20.179 0.168 3.47 898.0
2453867.86102 20.021 0.152 3.86 848.0
2453867.93444 19.811 0.134 3.65 1092.0
2453868.90719 20.220 0.246 4.09 1036.0
2453869.84262 20.126 0.205 3.87 1218.0
2453872.74472 20.336 0.176 3.18 978.0
2453873.66643 20.193 0.166 3.77 655.0
2453873.80872 20.146 0.151 3.95 631.0
2453873.88059 19.945 0.169 4.97 692.0
2453874.71828 19.858 0.150 4.90 558.0
2453874.89227 20.332 0.208 4.13 663.0
2453875.67815 20.018 0.112 3.61 504.0
2453875.83386 19.955 0.127 4.18 597.0
2453875.92427 20.081 0.140 3.89 661.0
2453876.59879 20.316 0.176 4.26 582.0
2453877.83163 19.887 0.139 4.97 588.0
2453877.90569 20.089 0.205 5.21 742.0
2453880.80809 20.335 0.202 4.51 644.0
2453880.88716 19.959 0.143 4.53 645.0
2453881.63358 20.054 0.156 4.24 676.0
2453881.84915 19.930 0.113 3.67 652.0
2453882.61855 20.080 0.138 3.78 620.0
2453882.84592 20.218 0.173 4.39 643.0
2453882.91469 20.086 0.141 3.97 603.0
2453883.60197 20.142 0.233 6.05 652.0
2453886.76663 20.297 0.184 4.41 554.0
2453887.61917 19.914 0.140 4.66 585.0
2453887.74567 19.997 0.146 4.74 522.0
2453887.92184 19.955 0.151 4.27 731.0
2453889.63320 19.981 0.155 4.93 552.0
2453889.90810 20.370 0.211 3.81 829.0
2453890.67583 20.107 0.130 3.58 587.0
2453891.64258 20.004 0.153 4.53 572.0
2453891.84656 20.027 0.146 4.30 613.0
2453892.66149 20.209 0.198 4.61 696.0
2453892.89243 20.387 0.226 4.52 672.0
2453900.50128 20.249 0.271 5.58 948.0
2453900.68669 20.402 0.233 4.01 947.0
2453900.77101 20.361 0.228 4.14 862.0
2453900.83951 19.802 0.127 3.66 902.0
2453901.77001 20.007 0.155 4.41 648.0
2453901.84311 19.782 0.159 4.93 874.0
2453902.52764 20.138 0.229 5.72 679.0
2453902.71415 20.310 0.169 3.81 635.0
2453902.81707 19.954 0.171 4.81 770.0
2453903.62499 20.232 0.144 3.70 553.0
2453903.86482 20.411 0.228 4.17 695.0
2453904.68943 19.994 0.101 3.35 562.0
2453904.75890 19.788 0.113 3.95 592.0
2453904.83169 20.122 0.148 3.58 653.0
2453905.51702 20.037 0.158 4.38 781.0
2453905.63069 20.102 0.136 3.60 550.0
2453905.70018 20.253 0.185 3.93 608.0
2453905.83902 19.712 0.085 3.20 627.0
2453906.72458 19.893 0.120 4.28 558.0
2453906.75330 19.960 0.138 4.44 582.0
2453906.79414 20.175 0.179 4.73 620.0
2453906.84649 19.795 0.134 4.28 669.0
2453906.86471 20.198 0.226 5.08 696.0
2453907.51382 20.187 0.273 6.47 697.0
2453907.58872 20.216 0.178 4.38 567.0
2453908.69001 20.078 0.140 3.91 614.0
2453908.76775 19.836 0.116 4.27 594.0
2453908.85045 20.078 0.149 4.18 617.0
2453909.68202 20.151 0.113 3.30 446.0
2453909.77675 20.166 0.143 4.29 477.0
2453909.85639 19.977 0.148 4.36 641.0
2453912.68993 20.277 0.115 3.28 456.0
2453912.78128 19.930 0.100 3.97 463.0
2453912.86916 20.047 0.141 4.19 592.0
2453913.49140 19.761 0.099 3.36 650.0
2453913.69330 20.174 0.152 4.41 511.0
2453913.78877 19.850 0.114 4.03 613.0
2453913.87478 20.079 0.183 4.71 640.0
2453914.51740 20.310 0.246 5.15 701.0
2453915.49314 20.204 0.216 4.93 797.0
2453915.69745 20.143 0.155 4.69 501.0
2453916.83375 19.591 0.113 4.98 576.0
2453917.53884 20.309 0.240 5.44 616.0
2453917.78884 20.196 0.247 5.91 636.0
2453918.78573 20.415 0.288 5.64 606.0
2453919.72342 20.049 0.132 4.48 506.0
2453920.75935 19.989 0.118 3.81 538.0
2453921.67819 20.144 0.266 6.16 619.0
2453930.47819 20.397 0.255 4.54 849.0
2453932.77258 19.713 0.126 4.56 647.0
2453933.74362 19.912 0.126 3.85 669.0
2453934.67787 20.310 0.180 4.73 498.0
2453934.74686 20.368 0.215 4.47 613.0
2453935.50412 20.348 0.248 5.28 602.0
2453935.75087 20.025 0.173 5.39 518.0
2453936.62965 19.922 0.123 4.03 582.0
2453936.70623 20.411 0.209 4.33 599.0
2453937.47060 20.116 0.248 4.88 958.0
2453937.74763 19.846 0.159 5.48 560.0
2453945.68475 20.134 0.139 3.82 543.0
2453946.67285 19.724 0.107 4.35 529.0
2453950.48459 20.095 0.174 4.51 671.0
2453950.69431 19.640 0.094 4.36 524.0
2453951.48441 20.100 0.194 4.69 705.0
2453951.71693 20.328 0.208 4.21 731.0
2453956.51541 20.046 0.280 6.36 923.0
2453960.64940 20.078 0.122 3.62 558.0
2453960.72153 19.769 0.116 3.82 741.0
2453961.52685 20.191 0.219 5.15 621.0
2453963.50306 20.362 0.236 4.92 592.0
2453964.69603 20.136 0.167 4.46 541.0
2453965.47636 20.285 0.203 4.50 629.0
2453965.66892 19.852 0.100 3.61 494.0
2453966.50262 19.536 0.113 4.78 664.0
2453966.65934 19.753 0.117 4.34 545.0
2453967.68169 20.321 0.183 4.43 456.0
2453968.64004 20.309 0.203 4.02 541.0
2453969.65049 20.159 0.203 5.19 510.0
2453974.65616 20.261 0.192 4.77 525.0
2453975.65124 20.386 0.215 4.49 593.0
2453976.47652 20.289 0.195 4.06 757.0
2453987.47730 20.159 0.274 6.29 768.0
2453988.47977 20.033 0.150 4.31 642.0
2453990.61132 19.569 0.136 5.68 589.0
2453993.58132 20.265 0.233 5.16 571.0
2453995.53799 19.889 0.140 5.13 574.0
2453999.55873 20.330 0.212 4.36 592.0
2454003.50933 20.131 0.182 4.75 642.0
2454004.48458 20.194 0.172 3.90 756.0
2454006.49134 19.736 0.180 6.24 720.0
2454012.53939 20.092 0.236 5.58 763.0
2454020.50145 19.479 0.152 6.42 627.0
2454030.52648 19.860 0.199 5.71 699.0
2454036.50772 19.805 0.260 6.47 1165.0
2454039.52133 19.758 0.194 5.55 840.0
2454042.51888 20.054 0.289 6.03 981.0
2454149.86860 20.143 0.219 4.81 799.0
2454153.85494 20.074 0.181 4.38 848.0
2454155.89092 20.373 0.243 4.19 819.0
2454158.85289 20.056 0.184 4.54 835.0
2454161.81967 20.172 0.292 5.58 1100.0
2454164.80937 20.017 0.191 4.12 1158.0
2454167.89376 20.342 0.231 4.43 903.0
2454169.89733 20.102 0.175 3.96 863.0
2454174.89978 20.200 0.196 4.31 770.0
2454176.87327 20.073 0.167 3.98 817.0
2454178.76554 20.105 0.223 5.22 719.0
2454179.82441 20.092 0.171 3.92 771.0
2454182.80556 20.116 0.144 3.79 614.0
2454182.90568 20.313 0.165 3.69 696.0
2454183.75055 20.267 0.223 4.67 729.0
2454184.75338 20.403 0.294 5.36 716.0
2454184.88216 20.196 0.172 4.63 607.0
2454184.91632 20.264 0.225 4.31 944.0
2454185.81402 20.227 0.196 4.75 633.0
2454185.85510 20.270 0.244 5.59 645.0
2454186.90472 19.993 0.232 5.98 681.0
2454187.91987 19.890 0.206 5.18 980.0
2454189.83970 20.288 0.256 5.26 699.0
2454189.87909 20.177 0.216 4.97 689.0
2454190.73787 19.741 0.152 4.74 920.0
2454190.83623 20.247 0.229 4.68 809.0
2454190.86797 20.213 0.193 4.41 729.0
2454190.89829 19.969 0.154 4.48 687.0
2454190.91708 20.320 0.239 4.79 770.0
2454191.79918 20.280 0.287 5.31 901.0
2454197.76371 19.901 0.235 4.17 2128.0
2454203.72234 20.035 0.140 3.80 689.0
2454203.90675 20.291 0.177 3.32 811.0
2454205.71109 20.201 0.227 5.21 650.0
2454207.87525 20.045 0.137 3.69 664.0
2454208.72270 20.366 0.251 5.21 701.0
2454209.75539 20.415 0.213 4.63 632.0
2454213.72931 20.121 0.195 4.98 641.0
2454215.71928 20.183 0.227 5.16 728.0
2454216.67661 20.125 0.235 5.26 800.0
2454216.86565 20.229 0.152 4.29 409.0
2454217.68222 19.836 0.129 3.89 799.0
2454222.88513 19.972 0.162 4.12 974.0
2454224.75992 19.825 0.187 4.71 1228.0
2454228.88586 20.162 0.274 5.78 970.0
2454229.64892 20.113 0.276 5.90 851.0
2454229.84602 20.145 0.204 4.67 850.0
2454229.90760 20.178 0.179 4.08 855.0
2454230.65876 20.256 0.198 4.30 728.0
2454230.84674 20.169 0.218 5.06 740.0
2454231.91148 20.094 0.218 5.05 853.0
2454235.86817 20.250 0.199 4.43 712.0
2454238.70690 20.236 0.198 4.57 704.0
2454240.65432 20.166 0.192 4.53 750.0
2454240.77372 20.410 0.232 4.47 691.0
2454243.80662 19.885 0.166 4.93 739.0
2454244.59270 20.195 0.296 5.58 1017.0
2454244.68503 20.079 0.201 4.96 746.0
2454244.78161 20.113 0.175 4.25 757.0
2454245.58538 19.958 0.148 5.29 441.0
2454245.77228 20.170 0.155 4.21 569.0
2454246.73714 20.310 0.257 5.21 726.0
2454246.83041 20.018 0.184 4.69 789.0
2454247.62710 20.404 0.282 4.96 889.0
2454247.78018 20.166 0.190 4.93 727.0
2454250.70744 20.388 0.280 4.65 1013.0
2454256.83891 20.121 0.282 6.05 981.0
2454258.82817 19.982 0.209 5.35 839.0
2454268.75766 20.416 0.236 4.64 724.0
2454269.67363 19.955 0.155 5.10 588.0
2454269.76437 20.381 0.259 5.12 642.0
2454272.61653 20.257 0.203 4.44 760.0
2454272.83718 19.925 0.175 4.65 894.0
2454273.77437 20.109 0.200 4.43 949.0
2454274.79966 20.377 0.271 4.72 866.0
2454275.81261 20.250 0.265 4.61 1047.0
2454277.68251 20.031 0.172 4.45 770.0
2454283.69344 19.938 0.177 3.68 1154.0
2454284.71229 20.276 0.233 4.46 931.0
2454284.77451 19.838 0.150 4.04 1018.0
2454285.67218 20.281 0.259 4.74 934.0
2454285.73690 20.353 0.271 4.99 754.0
2454286.77020 19.512 0.132 4.36 1430.0
2454286.85138 19.878 0.241 4.94 1846.0
2454289.53237 20.341 0.289 4.86 905.0
2454289.55400 20.066 0.255 5.97 840.0
2454289.58776 20.298 0.298 5.79 789.0
2454289.70697 20.295 0.289 5.55 781.0
2454289.72651 20.168 0.220 4.74 812.0
2454289.77272 20.330 0.243 4.51 789.0
2454289.83955 20.251 0.277 5.43 837.0
2454291.64112 20.043 0.147 3.97 643.0
2454292.64494 20.135 0.156 3.94 651.0
2454292.70459 20.060 0.150 4.02 691.0
2454292.76330 19.942 0.112 3.50 675.0
2454292.82647 19.948 0.180 4.63 866.0
2454293.67309 20.019 0.149 4.34 635.0
2454295.73018 19.879 0.114 3.96 527.0
2454296.46928 19.586 0.171 4.79 930.0
2454296.65671 20.121 0.144 4.09 528.0
2454296.74359 20.166 0.173 4.61 580.0
2454297.69193 19.985 0.164 4.83 559.0
2454297.75364 19.578 0.114 5.23 562.0
2454298.52478 20.145 0.177 4.24 622.0
2454298.63009 19.949 0.159 4.84 543.0
2454298.72411 20.331 0.229 4.99 583.0
2454299.50760 20.048 0.186 4.95 716.0
2454299.60095 20.362 0.220 4.77 583.0
2454299.69318 20.000 0.170 5.12 533.0
2454300.62291 20.185 0.162 4.37 529.0
2454300.71932 20.381 0.244 4.83 557.0
2454301.49354 20.255 0.220 4.76 875.0
2454301.58583 19.876 0.126 4.06 704.0
2454301.68250 20.257 0.207 5.00 606.0
2454301.78102 20.048 0.158 4.66 618.0
2454302.54637 20.201 0.230 4.63 851.0
2454302.66121 20.016 0.218 5.78 632.0
2454303.64038 20.217 0.250 5.36 581.0
2454304.52732 19.783 0.222 5.68 1157.0
2454304.63672 20.224 0.227 4.55 894.0
2454310.75849 19.889 0.226 4.32 1985.0
2454312.49792 20.232 0.292 4.84 1220.0
2454312.69312 20.220 0.272 5.25 908.0
2454312.79070 20.075 0.236 5.31 1034.0
2454314.49148 20.252 0.223 5.67 539.0
2454315.53207 20.389 0.249 4.57 724.0
2454317.48334 20.131 0.192 4.49 742.0
2454319.49239 19.999 0.236 5.95 797.0
2454320.50790 20.120 0.223 5.31 674.0
2454328.49085 20.093 0.189 4.10 922.0
2454329.64963 20.249 0.253 4.81 677.0
2454330.51358 20.302 0.210 4.45 671.0
2454330.66456 20.387 0.242 4.59 647.0
2454331.49378 20.063 0.215 5.28 753.0
2454333.66363 20.043 0.170 4.36 714.0
2454338.47426 19.748 0.194 4.84 1668.0
2454339.49544 19.749 0.167 4.68 1183.0
2454342.50517 20.312 0.246 4.80 739.0
2454343.47373 20.093 0.242 4.10 1822.0
2454343.68146 20.316 0.293 5.26 873.0
2454344.51239 19.772 0.216 5.96 869.0
2454347.50521 19.850 0.218 6.51 727.0
2454348.47904 20.081 0.235 5.19 970.0
2454350.50081 20.011 0.200 4.86 816.0
2454353.48341 20.267 0.226 4.45 914.0
2454354.51218 20.352 0.229 4.57 824.0
2454355.50276 20.111 0.212 4.84 913.0
2454356.48026 19.995 0.172 4.13 954.0
2454357.56347 19.751 0.220 6.80 777.0
2454358.52069 20.055 0.267 6.33 788.0
2454359.48072 19.891 0.196 5.36 1027.0
2454369.48512 19.827 0.245 6.29 1241.0
2454370.53135 20.049 0.168 4.07 994.0
2454371.50608 19.877 0.168 4.78 885.0
2454372.48186 20.022 0.209 4.00 1497.0
2454378.49138 20.203 0.230 4.89 815.0
2454380.51826 20.165 0.209 4.40 831.0
2454382.58475 20.107 0.263 5.52 950.0
2454384.54672 19.878 0.217 6.04 816.0
2454393.50404 20.045 0.175 4.19 1018.0
2454394.56149 20.134 0.269 4.87 1156.0
2454395.53290 19.870 0.246 5.98 1062.0
2454396.54540 19.527 0.219 6.41 1412.0
2454397.50422 20.008 0.231 4.72 1253.0
2454400.50683 19.932 0.242 5.39 1325.0
2454505.88583 20.222 0.241 4.05 1274.0
2454524.82690 20.236 0.277 5.02 1091.0
2454525.88705 19.795 0.180 3.64 2496.0
2454530.78907 20.082 0.171 4.45 802.0
2454537.77242 20.361 0.268 5.26 700.0
2454541.76652 20.275 0.219 4.98 666.0
2454542.76108 20.001 0.244 5.97 889.0
2454547.76105 20.247 0.252 4.65 1062.0
2454548.81394 20.049 0.185 4.39 887.0
2454551.73252 19.977 0.200 4.61 1053.0
2454552.77611 19.595 0.271 5.71 2780.0
2454556.72802 20.106 0.207 5.43 616.0
2454556.91824 19.858 0.150 4.46 893.0
2454558.76659 20.372 0.200 4.26 613.0
2454559.90842 20.348 0.220 4.66 627.0
2454560.71574 19.950 0.192 6.05 556.0
2454560.90849 19.898 0.116 3.71 597.0
2454561.89780 19.939 0.115 3.81 598.0
2454565.70059 20.246 0.168 4.13 618.0
2454565.89119 19.989 0.102 3.11 599.0
2454566.69993 20.005 0.172 5.02 627.0
2454566.89245 20.023 0.128 3.75 622.0
2454567.89886 20.207 0.162 3.62 687.0
2454569.91688 20.270 0.193 4.07 695.0
2454570.69525 20.201 0.237 5.18 728.0
2454570.92529 20.107 0.195 3.94 1065.0
2454571.88437 20.071 0.137 3.86 604.0
2454573.71203 20.056 0.219 5.25 833.0
2454573.92049 20.015 0.133 3.62 661.0
2454575.71986 20.130 0.199 4.09 930.0
2454577.80900 19.956 0.148 3.93 822.0
2454579.83948 19.910 0.168 4.45 976.0
2454583.88723 19.920 0.154 4.50 658.0
2454586.73488 19.996 0.239 6.54 655.0
2454587.90156 20.322 0.282 5.46 739.0
2454589.84592 20.182 0.226 4.80 658.0
2454589.90795 20.189 0.247 5.30 713.0
2454590.66797 20.065 0.193 4.89 790.0
2454591.67982 20.364 0.268 5.06 865.0
2454591.85183 20.165 0.178 3.95 761.0
2454591.91393 20.025 0.189 4.44 893.0
2454592.82748 20.393 0.280 4.29 969.0
2454592.89088 20.304 0.222 3.78 1019.0
2454593.83709 20.028 0.154 3.96 730.0
2454594.90551 20.246 0.198 4.12 778.0
2454595.83225 20.000 0.171 4.79 646.0
2454595.89433 20.316 0.251 5.05 681.0
2454596.90705 19.919 0.156 4.47 687.0
2454597.65786 20.358 0.270 5.50 613.0
2454597.84918 20.071 0.153 3.71 770.0
2454598.87247 20.279 0.161 3.47 627.0
2454599.81050 20.127 0.155 3.96 624.0
2454600.61560 20.174 0.193 4.73 651.0
2454600.82917 20.217 0.164 3.73 657.0
2454600.92224 19.677 0.129 4.12 947.0
2454601.62121 19.959 0.161 4.31 873.0
2454601.83760 19.890 0.115 3.66 553.0
2454601.89949 20.118 0.164 4.48 614.0
2454602.60863 19.944 0.161 4.42 823.0
2454603.74126 20.183 0.195 4.67 705.0
2454606.60901 20.251 0.259 4.32 1338.0
2454611.83370 20.335 0.212 3.76 913.0
2454615.76387 20.054 0.215 5.55 724.0
2454616.78939 19.987 0.145 4.24 600.0
2454616.85914 20.388 0.251 4.72 711.0
2454617.63324 20.133 0.199 5.02 701.0
2454618.58442 20.050 0.216 5.51 751.0
2454621.67047 20.218 0.152 3.58 628.0
2454622.88442 20.301 0.261 4.81 897.0
2454623.59780 20.296 0.297 5.91 751.0
2454624.78181 20.056 0.200 5.03 708.0
2454624.84840 20.315 0.237 4.85 703.0
2454624.91741 19.780 0.186 5.91 896.0
2454625.85812 20.009 0.214 5.44 782.0
2454626.82647 20.401 0.245 4.87 654.0
2454627.79998 20.027 0.128 3.89 554.0
2454628.72854 20.230 0.191 4.44 651.0
2454628.79412 19.769 0.145 4.79 665.0
2454629.87997 20.185 0.199 4.83 769.0
2454630.53144 20.178 0.267 5.38 929.0
2454630.74150 20.191 0.160 3.57 711.0
2454630.81958 20.025 0.176 4.65 702.0
2454630.88770 19.719 0.136 4.67 841.0
2454631.83054 20.272 0.189 4.06 719.0
2454631.90550 20.156 0.280 5.55 1176.0
2454632.79716 19.954 0.143 3.67 825.0
2454633.54029 19.867 0.169 4.36 1103.0
2454633.64217 20.187 0.205 4.51 884.0
2454638.72583 20.057 0.222 5.10 841.0
2454638.82353 20.217 0.233 4.43 1029.0
2454639.64471 20.377 0.236 4.10 931.0
2454639.82407 20.085 0.221 4.35 1241.0
2454640.56462 20.367 0.224 4.65 691.0
2454640.69552 20.254 0.220 4.56 708.0
2454640.80282 19.842 0.222 6.26 776.0
2454641.58747 20.331 0.223 4.53 688.0
2454641.74305 19.947 0.173 4.74 722.0
2454642.56321 20.001 0.211 5.44 771.0
2454642.72371 20.366 0.211 4.28 623.0
2454642.80164 20.330 0.239 4.75 752.0
2454644.81508 19.769 0.130 4.38 706.0
2454645.49001 20.322 0.287 4.71 1154.0
2454645.81654 20.231 0.243 5.17 806.0
2454646.49186 20.243 0.230 4.32 1020.0
2454648.51471 20.210 0.231 4.56 897.0
2454649.49489 19.907 0.193 5.09 959.0
2454649.70535 20.362 0.228 4.24 679.0
2454650.74387 20.208 0.173 4.06 632.0
2454650.82882 19.837 0.181 5.59 784.0
2454652.68077 20.043 0.177 4.44 716.0
2454652.76232 20.055 0.178 4.70 673.0
2454653.75898 20.088 0.212 5.19 769.0
2454654.50991 20.142 0.293 6.75 815.0
2454654.70773 19.999 0.171 4.26 767.0
2454654.78989 20.159 0.237 5.27 864.0
2454655.47447 19.947 0.236 5.37 1171.0
2454655.69883 20.063 0.139 3.79 573.0
2454655.76071 19.961 0.138 3.82 666.0
2454656.66624 20.112 0.195 4.06 855.0
2454656.78183 20.091 0.187 3.88 1008.0
2454661.46456 20.140 0.278 4.27 1906.0
2454661.72669 19.525 0.119 3.98 1088.0
2454661.79376 20.020 0.204 4.56 1066.0
2454666.47603 19.852 0.251 6.05 1338.0
2454666.79026 19.759 0.234 6.23 1156.0
2454670.54639 20.116 0.258 6.32 675.0
2454671.54307 20.307 0.238 5.11 617.0
2454671.75000 19.920 0.164 4.81 692.0
2454672.78025 20.152 0.231 5.24 819.0
2454677.60922 19.763 0.128 4.55 575.0
2454677.69299 20.417 0.255 4.93 649.0
2454678.65991 20.286 0.197 4.12 577.0
2454681.50426 20.276 0.245 5.04 714.0
2454681.60432 19.558 0.114 4.79 597.0
2454682.47528 20.087 0.200 4.71 873.0
2454682.55120 19.903 0.164 5.03 704.0
2454682.72787 20.024 0.164 4.49 685.0
2454683.68068 20.101 0.216 5.71 628.0
2454684.47750 19.952 0.234 6.20 940.0
2454684.74225 20.174 0.203 5.42 662.0
2454687.50089 19.827 0.142 4.17 747.0
2454693.53566 20.155 0.192 4.03 991.0
2454700.48288 20.289 0.241 4.95 745.0
2454701.66701 20.178 0.214 5.25 564.0
2454703.47813 20.038 0.169 4.56 828.0
2454704.56165 20.102 0.173 3.96 792.0
2454707.58139 19.852 0.142 4.44 660.0
2454708.51319 20.332 0.220 4.20 752.0
2454709.48919 19.750 0.205 6.77 812.0
2454710.51344 20.028 0.184 4.54 750.0
2454711.49838 20.003 0.237 6.25 760.0
2454715.56165 19.678 0.170 5.89 751.0
2454716.47660 20.048 0.248 4.62 1577.0
2454726.52067 20.025 0.273 6.18 829.0
2454729.50568 19.945 0.201 5.50 682.0
2454737.51484 20.293 0.253 5.21 671.0
2454738.55469 20.188 0.281 6.09 690.0
2454741.49964 20.095 0.232 5.46 736.0
2454867.86783 19.878 0.202 5.50 1043.0
2454890.85655 20.059 0.155 4.12 674.0
2454896.84421 19.919 0.159 5.38 640.0
2454899.81564 20.118 0.201 4.20 947.0
2454901.85551 20.084 0.196 4.51 879.0
2454902.85389 20.192 0.190 4.03 836.0
2454904.77827 19.824 0.146 4.18 912.0
2454905.88210 20.142 0.276 5.38 911.0
2454910.78413 20.075 0.221 4.31 1364.0
2454911.75478 19.815 0.123 4.59 585.0
2454912.75161 20.099 0.150 4.13 618.0
2454925.76338 20.063 0.145 4.32 691.0
2454925.87946 19.795 0.103 3.53 674.0
2454926.72720 20.109 0.234 5.34 926.0
2454929.70835 19.992 0.260 6.22 1050.0
2454929.84769 19.928 0.145 4.02 802.0
2454930.76631 19.765 0.163 5.31 1038.0
2454931.68829 19.501 0.188 6.38 1322.0
2454931.81065 19.453 0.108 3.97 928.0
2454932.76587 19.370 0.095 4.16 919.0
2454933.68598 19.873 0.244 6.23 1296.0
2454933.81419 19.835 0.170 5.03 920.0
2454934.78959 19.951 0.212 4.60 1488.0
2454938.69409 18.333 0.039 4.10 936.0
2454938.79354 18.285 0.037 4.32 776.0
2454939.71310 17.883 0.031 5.29 742.0
2454939.81460 17.875 0.031 5.21 718.0
2454940.71720 18.164 0.033 4.56 659.0
2454941.69187 18.545 0.045 4.34 728.0
2454941.81893 18.670 0.049 4.40 677.0
2454942.67137 18.892 0.068 4.84 778.0
2454942.84428 18.967 0.054 4.02 618.0
2454943.68374 19.048 0.067 4.93 633.0
2454943.74978 19.409 0.083 3.93 605.0
2454944.68911 19.305 0.084 4.27 696.0
2454944.76427 19.537 0.099 4.04 667.0
2454945.68586 19.731 0.130 4.46 753.0
2454945.81733 19.775 0.098 3.52 660.0
2454946.74327 19.835 0.147 4.85 639.0
2454947.69777 19.791 0.105 3.92 613.0
2454948.85316 19.734 0.094 3.67 581.0
2454949.64693 19.751 0.145 4.89 828.0
2454950.68474 20.008 0.151 4.27 646.0
2454951.67526 20.266 0.255 5.28 756.0
2454952.79407 20.087 0.134 4.03 600.0
2454953.65290 20.218 0.200 4.46 779.0
2454954.67300 20.085 0.187 5.20 683.0
2454954.77097 19.705 0.117 4.17 616.0
