2455260.85336 17.034 0.016 5.94 1033.0
2455260.90029 17.043 0.014 4.76 1123.0
2455261.79151 16.990 0.015 5.34 1026.0
2455262.82995 16.964 0.025 6.68 2220.0
2455264.81438 17.033 0.016 5.89 929.0
2455264.86761 17.008 0.014 5.29 873.0
2455264.88488 17.004 0.014 4.80 878.0
2455265.79053 17.018 0.014 5.03 848.0
2455266.77867 17.003 0.017 6.33 862.0
2455267.82049 17.048 0.014 5.48 754.0
2455268.79175 17.033 0.015 5.97 785.0
2455269.78659 17.021 0.013 5.09 765.0
2455270.83098 17.028 0.013 4.97 741.0
2455271.78605 17.027 0.014 5.21 813.0
2455272.79290 17.080 0.017 6.44 783.0
2455273.84752 17.006 0.013 5.10 709.0
2455274.79627 17.027 0.016 6.25 799.0
2455275.78200 16.987 0.016 5.64 923.0
2455275.91321 16.969 0.016 5.33 1151.0
2455276.81684 16.992 0.012 4.62 736.0
2455277.78307 17.010 0.014 5.46 768.0
2455277.91208 17.024 0.015 5.26 839.0
2455278.79310 17.008 0.014 5.84 784.0
2455279.79366 17.063 0.020 7.25 828.0
2455279.91738 17.024 0.015 4.76 1522.0
2455280.84535 17.000 0.011 4.31 766.0
2455281.78084 17.032 0.013 4.90 847.0
2455281.91750 17.003 0.014 4.02 1522.0
2455282.76133 17.029 0.015 4.97 1027.0
2455282.90601 16.997 0.012 4.32 746.0
2455283.76251 17.029 0.018 6.08 1058.0
2455284.76449 16.980 0.015 5.21 1164.0
2455285.76013 16.974 0.017 5.72 1276.0
2455285.88949 17.024 0.013 4.33 985.0
2455286.75136 17.026 0.017 5.19 1245.0
2455287.82100 16.993 0.012 3.79 1008.0
2455288.75436 17.013 0.016 4.86 1201.0
2455292.82453 17.018 0.018 4.36 2715.0
2455293.83250 17.028 0.014 4.95 797.0
2455294.73371 17.017 0.014 5.70 734.0
2455294.77287 17.020 0.012 4.44 708.0
2455294.80995 17.007 0.011 3.94 676.0
2455294.87767 16.984 0.009 3.27 651.0
2455294.91964 17.005 0.012 4.35 927.0
2455295.77456 17.011 0.012 4.75 683.0
2455295.81298 16.992 0.012 4.45 675.0
2455295.85088 16.999 0.011 3.70 674.0
2455295.88972 17.008 0.012 4.25 685.0
2455296.77747 17.021 0.013 4.91 714.0
2455296.81499 17.007 0.012 4.51 695.0
2455296.85240 17.009 0.011 4.06 674.0
2455296.89087 17.013 0.011 3.93 669.0
2455297.77338 17.010 0.012 5.27 729.0
2455297.81144 17.026 0.012 4.68 708.0
2455297.84931 17.005 0.011 4.13 668.0
2455297.88800 17.004 0.011 4.93 691.0
2455298.77428 17.007 0.012 5.00 740.0
2455298.81220 17.000 0.012 4.47 722.0
2455298.84997 17.007 0.012 4.27 710.0
2455298.88952 17.011 0.010 3.85 681.0
2455298.92302 17.021 0.012 4.12 1017.0
2455299.75899 16.996 0.010 5.10 605.0
2455299.79653 16.991 0.007 4.84 384.0
2455299.83442 16.983 0.009 4.86 552.0
2455299.87276 17.030 0.011 4.72 654.0
2455299.91352 17.009 0.011 5.14 719.0
2455300.86771 17.009 0.011 3.93 691.0
2455300.90848 17.006 0.012 4.42 736.0
2455301.76353 17.015 0.013 5.19 730.0
2455301.80103 17.022 0.013 5.35 726.0
2455301.83849 17.028 0.014 5.64 745.0
2455301.87720 17.006 0.013 5.28 740.0
2455301.91698 17.024 0.019 7.37 843.0
2455303.92484 17.013 0.014 5.29 800.0
2455304.76317 17.015 0.013 4.89 809.0
2455306.69682 17.047 0.014 5.23 760.0
2455306.75956 17.008 0.012 4.53 698.0
2455306.79853 17.021 0.011 3.91 688.0
2455306.86215 16.999 0.011 4.22 687.0
2455306.90174 17.022 0.011 3.88 699.0
2455307.68653 17.029 0.014 5.34 771.0
2455307.74961 17.021 0.013 5.09 754.0
2455307.81109 17.013 0.011 3.89 726.0
2455307.84957 16.995 0.011 3.72 756.0
2455307.89046 17.008 0.011 3.99 746.0
2455307.92789 17.024 0.014 4.90 986.0
2455308.73973 17.033 0.015 5.59 768.0
2455308.80123 16.997 0.011 3.99 677.0
2455308.83870 16.999 0.011 3.91 667.0
2455308.88659 17.034 0.011 4.21 678.0
2455309.74043 17.016 0.013 4.79 757.0
2455309.81092 17.023 0.012 4.59 711.0
2455309.85465 17.008 0.012 4.34 721.0
2455309.89362 16.991 0.012 4.26 728.0
2455309.93089 16.998 0.014 4.36 1298.0
2455310.72128 16.996 0.014 5.16 836.0
2455310.77757 17.037 0.014 5.06 755.0
2455310.85893 17.005 0.008 3.84 615.0
2455310.89089 17.016 0.011 3.87 705.0
2455310.92835 17.017 0.012 4.36 961.0
2455311.82142 17.011 0.012 4.27 737.0
2455311.87745 17.017 0.013 4.53 737.0
2455311.92227 17.013 0.013 4.19 826.0
2455312.74745 17.008 0.014 5.12 889.0
2455312.78983 17.028 0.014 5.04 868.0
2455312.82786 17.022 0.015 5.29 883.0
2455312.87211 16.999 0.014 4.70 971.0
2455312.91171 16.998 0.014 5.42 791.0
2455313.78387 16.992 0.018 6.27 1012.0
2455313.82273 17.025 0.017 5.77 954.0
2455313.86240 17.012 0.018 6.09 1043.0
2455313.90063 16.995 0.014 4.52 1063.0
2455314.67151 16.970 0.017 5.55 1499.0
2455314.71197 16.999 0.017 5.60 1314.0
2455314.75125 17.003 0.015 4.69 1218.0
2455314.79118 16.984 0.016 5.28 1163.0
2455314.84872 16.987 0.014 4.86 1175.0
2455314.88615 16.999 0.014 4.51 1178.0
2455314.92359 16.981 0.014 5.17 1272.0
2455315.68901 16.970 0.018 5.76 1435.0
2455315.73693 17.011 0.019 6.15 1301.0
2455315.77447 16.995 0.018 5.71 1230.0
2455315.81220 17.012 0.015 4.94 1220.0
2455315.85238 17.012 0.016 5.40 1313.0
2455315.89451 16.988 0.016 5.38 1319.0
2455316.68015 17.028 0.020 6.07 1445.0
2455316.72730 17.032 0.018 5.34 1241.0
2455316.77034 16.995 0.020 6.88 1229.0
2455316.80769 17.029 0.021 6.75 1240.0
2455316.86456 17.019 0.020 6.02 1411.0
2455319.82469 17.000 0.019 4.12 3001.0
2455319.86767 17.020 0.021 4.43 3354.0
2455319.91182 16.978 0.023 4.88 4311.0
2455320.64247 16.995 0.014 5.17 1086.0
2455320.68705 17.046 0.015 5.39 1035.0
2455320.73097 17.010 0.014 4.85 985.0
2455320.76818 17.021 0.014 4.71 929.0
2455320.80590 16.998 0.014 4.43 1432.0
2455320.84912 17.020 0.014 5.24 943.0
2455320.88751 17.017 0.013 4.52 1011.0
2455320.92908 17.043 0.016 5.66 1296.0
2455321.71528 17.023 0.014 4.95 899.0
2455321.75273 17.004 0.013 4.76 878.0
2455321.79238 17.033 0.015 5.35 896.0
2455321.83078 16.963 0.017 6.43 939.0
2455321.87208 17.006 0.014 5.22 910.0
2455321.90947 17.029 0.015 5.70 950.0
2455322.69576 17.009 0.012 4.38 786.0
2455322.76127 16.941 0.010 4.09 1241.0
2455322.83835 17.012 0.013 5.02 921.0
2455323.66592 16.973 0.015 5.59 904.0
2455323.73217 17.031 0.015 5.24 851.0
2455323.77046 16.998 0.012 4.41 834.0
2455323.81056 17.025 0.013 4.68 863.0
2455323.85184 17.000 0.013 4.45 922.0
2455323.89043 17.007 0.013 4.86 968.0
2455323.92789 17.041 0.014 4.92 994.0
2455324.70432 16.994 0.016 5.36 845.0
2455324.74345 17.001 0.013 4.69 776.0
2455324.78085 17.051 0.015 5.12 793.0
2455324.82098 17.022 0.014 5.31 791.0
2455324.85991 17.034 0.014 4.79 829.0
2455324.89727 17.034 0.014 5.90 850.0
2455324.93783 17.030 0.019 5.45 2115.0
2455325.68754 16.997 0.013 4.95 770.0
2455325.72404 16.987 0.012 4.75 713.0
2455325.76221 16.999 0.013 4.60 706.0
2455325.79950 17.021 0.012 4.23 694.0
2455325.84775 17.002 0.014 5.23 777.0
2455325.88781 17.005 0.014 6.47 803.0
2455325.92829 17.018 0.016 6.74 916.0
2455326.63560 16.988 0.016 6.26 856.0
2455326.72205 16.987 0.013 4.96 738.0
2455326.76011 17.008 0.013 4.68 730.0
2455326.79851 17.018 0.012 4.16 688.0
2455326.83783 17.013 0.013 4.63 744.0
2455326.87648 17.014 0.014 4.96 830.0
2455326.91372 17.014 0.014 5.42 872.0
2455327.64480 16.984 0.012 4.47 730.0
2455327.74700 16.968 0.012 4.10 725.0
2455327.78548 17.002 0.014 4.78 772.0
2455327.82433 17.004 0.014 5.32 779.0
2455327.86320 16.986 0.013 4.83 843.0
2455327.90138 16.985 0.014 4.93 859.0
2455327.93912 16.990 0.020 5.19 2529.0
2455328.67215 16.991 0.012 4.40 788.0
2455328.74072 17.004 0.012 4.38 764.0
2455328.77929 16.976 0.012 4.60 733.0
2455328.81926 16.970 0.013 5.11 774.0
2455328.85785 17.014 0.014 5.26 802.0
2455328.89553 17.000 0.012 4.94 797.0
2455328.93302 17.019 0.016 5.62 1130.0
2455334.61842 17.028 0.018 6.99 828.0
2455334.68455 16.991 0.023 8.79 845.0
2455334.76488 17.011 0.012 4.61 747.0
2455334.82221 16.951 0.013 5.91 768.0
2455334.86276 17.014 0.015 6.38 797.0
2455334.90329 17.066 0.017 6.84 852.0
2455334.94125 17.008 0.022 7.88 1869.0
2455335.74763 17.030 0.012 4.55 767.0
2455335.78679 17.047 0.013 5.01 751.0
2455335.82682 17.004 0.013 5.05 767.0
2455335.86466 17.048 0.014 5.14 798.0
2455335.90219 17.032 0.018 6.62 868.0
2455335.94126 17.035 0.022 6.02 1976.0
2455336.84609 17.011 0.013 4.77 815.0
2455336.91133 17.014 0.014 4.60 934.0
2455337.75771 17.034 0.013 4.72 727.0
2455337.79713 17.056 0.013 4.83 739.0
2455337.83554 16.982 0.015 5.82 867.0
2455337.87389 17.042 0.018 6.85 932.0
2455337.91253 17.017 0.017 6.07 965.0
2455338.75498 17.048 0.014 5.52 818.0
2455338.79417 17.002 0.017 6.21 890.0
2455338.83580 16.985 0.019 7.08 988.0
2455338.89539 16.955 0.020 7.73 962.0
2455339.67063 17.017 0.018 6.74 1013.0
2455339.70836 17.017 0.016 5.47 1020.0
2455339.80197 16.987 0.015 5.20 1000.0
2455339.86775 16.990 0.017 6.47 1109.0
2455339.90795 17.003 0.023 7.46 1197.0
2455339.94580 16.997 0.022 6.08 2201.0
2455340.65453 16.982 0.019 6.85 1117.0
2455340.69390 17.010 0.014 4.89 1189.0
2455340.78121 16.997 0.015 5.59 954.0
2455340.83676 17.004 0.013 4.96 997.0
2455340.87518 17.006 0.017 6.20 1069.0
2455340.91296 17.006 0.023 8.33 1219.0
2455341.58699 17.029 0.018 5.80 1279.0
2455341.62522 17.003 0.014 5.16 1052.0
2455341.73171 16.974 0.011 4.01 883.0
2455341.80601 17.039 0.013 4.39 1029.0
2455341.84420 17.007 0.014 4.60 1030.0
2455341.88201 16.999 0.013 4.76 1008.0
2455341.92239 17.030 0.014 5.13 1010.0
2455342.59661 17.043 0.022 6.91 1366.0
2455342.63395 16.997 0.021 7.25 1229.0
2455342.67157 16.978 0.016 5.41 1100.0
2455342.70902 17.029 0.015 4.95 1039.0
2455342.74756 16.998 0.014 5.02 1011.0
2455342.79172 17.024 0.017 5.87 1140.0
2455342.82977 17.006 0.015 5.09 1090.0
2455342.86773 16.996 0.018 5.97 1193.0
2455342.90552 16.978 0.018 6.14 1216.0
2455342.94339 17.019 0.026 8.04 1575.0
2455343.61482 16.997 0.020 6.14 1547.0
2455343.65250 16.993 0.018 5.78 1367.0
2455343.69022 17.001 0.015 4.97 1247.0
2455343.72830 17.021 0.015 4.77 1155.0
2455343.76714 17.025 0.015 5.03 1151.0
2455343.80713 16.993 0.014 4.80 1217.0
2455343.84565 17.010 0.015 4.82 1283.0
2455343.89645 17.038 0.017 5.28 1379.0
2455343.93428 17.013 0.019 6.13 1521.0
2455348.66221 17.018 0.014 4.85 868.0
2455348.72743 17.021 0.016 5.56 851.0
2455348.79271 17.020 0.015 5.37 835.0
2455348.83103 17.050 0.015 5.21 877.0
2455348.87487 17.039 0.020 6.67 1006.0
2455348.91518 16.983 0.016 5.99 976.0
2455349.59049 17.010 0.018 7.34 857.0
2455349.67309 17.018 0.015 5.20 1154.0
2455349.74127 17.004 0.015 4.99 1212.0
2455349.80624 17.006 0.014 5.36 1159.0
2455349.84401 17.034 0.015 5.81 1362.0
2455350.64374 17.046 0.021 8.08 831.0
2455350.68146 17.001 0.016 6.34 834.0
2455350.71996 17.010 0.020 7.47 847.0
2455351.57996 17.023 0.017 6.60 882.0
2455351.63742 16.977 0.014 5.66 752.0
2455351.71571 17.019 0.013 4.99 732.0
2455351.80032 17.015 0.017 5.90 911.0
2455351.87843 17.003 0.018 6.87 973.0
2455351.91640 17.010 0.017 6.91 1138.0
2455352.64101 17.002 0.014 5.25 796.0
2455352.73195 17.021 0.012 4.10 753.0
2455352.88458 17.023 0.015 5.42 975.0
2455352.92220 16.991 0.015 5.89 1097.0
2455353.61966 17.026 0.015 5.08 770.0
2455353.69976 17.024 0.012 4.31 699.0
2455353.76962 17.014 0.013 4.81 755.0
2455353.80768 17.015 0.012 4.34 776.0
2455353.85218 17.030 0.014 4.83 837.0
2455353.89646 17.005 0.015 5.77 954.0
2455354.64458 17.022 0.014 5.16 769.0
2455354.73275 17.012 0.013 4.53 745.0
2455354.82850 17.025 0.014 4.65 874.0
2455354.86886 16.978 0.015 5.20 942.0
2455354.90744 16.936 0.017 6.13 1085.0
2455355.58542 17.003 0.012 4.54 838.0
2455355.66915 16.996 0.012 4.52 777.0
2455355.75734 17.022 0.013 4.91 802.0
2455355.81297 17.036 0.016 5.93 925.0
2455355.86121 16.972 0.019 6.83 1016.0
2455355.89897 17.026 0.017 6.48 941.0
2455357.66794 17.026 0.014 5.11 776.0
2455357.75786 17.011 0.016 5.99 758.0
2455357.87092 17.025 0.021 7.91 897.0
2455358.63614 17.045 0.013 5.25 726.0
2455358.73111 17.016 0.014 5.50 718.0
2455358.83225 17.017 0.015 5.81 740.0
2455359.57655 17.035 0.018 6.46 1019.0
2455359.62076 17.028 0.018 6.65 909.0
2455359.67390 17.035 0.014 5.05 785.0
2455359.72111 17.032 0.016 5.83 900.0
2455359.77126 16.986 0.014 5.48 870.0
2455359.81140 17.014 0.014 5.08 866.0
2455359.85711 17.004 0.017 6.32 977.0
2455359.89637 17.074 0.020 7.00 1009.0
2455361.66898 17.023 0.017 6.36 805.0
2455362.58360 17.026 0.018 6.61 1072.0
2455362.65108 17.006 0.012 4.23 872.0
2455362.74408 16.998 0.012 4.90 810.0
2455362.86208 17.007 0.016 6.52 933.0
2455362.90712 17.021 0.021 7.58 1092.0
2455364.55285 16.996 0.016 6.30 861.0
2455364.62513 17.021 0.013 5.22 734.0
2455364.71964 17.000 0.014 5.58 760.0
2455364.78082 17.032 0.019 7.32 782.0
2455364.82026 17.029 0.017 6.76 761.0
2455364.86035 17.016 0.015 5.67 724.0
2455364.89846 17.042 0.019 6.93 787.0
2455365.57055 17.003 0.016 5.95 979.0
2455365.64537 17.006 0.014 5.32 823.0
2455365.74048 17.017 0.014 5.67 778.0
2455365.82874 17.007 0.016 5.94 842.0
2455365.86739 17.017 0.017 6.23 903.0
2455365.90473 17.031 0.020 6.99 1072.0
2455368.64642 17.043 0.017 5.68 1138.0
2455369.72858 17.032 0.018 6.41 1092.0
2455369.77391 16.969 0.018 6.35 1396.0
2455369.81188 17.023 0.018 6.50 1148.0
2455369.85266 17.025 0.017 7.23 886.0
2455376.65853 16.974 0.020 7.44 980.0
2455376.69891 16.971 0.015 5.86 942.0
2455376.73714 16.990 0.015 5.77 979.0
2455376.77595 17.000 0.015 5.53 989.0
2455376.81410 16.981 0.019 7.12 1108.0
2455376.85206 17.078 0.021 6.02 1493.0
2455377.54863 17.030 0.015 5.68 806.0
2455377.59134 17.032 0.018 6.94 823.0
2455377.62954 17.019 0.013 4.94 751.0
2455377.70322 17.011 0.013 5.28 765.0
2455377.74667 16.990 0.015 5.72 827.0
2455377.78939 16.990 0.015 5.84 889.0
2455377.82710 16.969 0.017 6.52 923.0
2455377.86528 17.036 0.017 6.12 1068.0
2455378.54904 17.024 0.013 4.76 717.0
2455378.63370 17.033 0.013 4.66 672.0
2455378.72268 17.020 0.011 4.23 702.0
2455378.76098 17.007 0.012 4.34 724.0
2455378.79951 17.022 0.014 5.83 755.0
2455378.83939 17.020 0.016 6.94 874.0
2455378.87711 17.027 0.019 7.93 980.0
2455379.51614 17.011 0.015 5.77 717.0
2455379.58578 17.000 0.013 5.41 613.0
2455379.67183 17.016 0.014 5.92 691.0
2455379.74434 17.017 0.013 4.62 706.0
2455379.78200 17.048 0.014 4.95 774.0
2455379.81992 17.036 0.016 6.41 834.0
2455379.86049 17.045 0.020 7.29 953.0
2455380.52762 16.997 0.014 5.76 682.0
2455380.56812 17.034 0.014 5.41 631.0
2455380.65217 17.023 0.013 5.73 607.0
2455380.72337 17.019 0.012 5.11 650.0
2455380.76161 17.024 0.014 5.75 688.0
2455380.79947 17.027 0.017 6.54 755.0
2455380.83740 17.010 0.021 8.31 861.0
2455381.53714 17.048 0.016 6.16 846.0
2455381.57471 17.045 0.020 7.56 805.0
2455381.61486 17.010 0.020 7.81 765.0
2455381.67421 17.013 0.017 6.88 681.0
2455381.71252 16.993 0.018 7.10 776.0
2455381.75066 17.065 0.023 8.14 861.0
2455381.79758 17.022 0.017 6.61 843.0
2455381.83571 17.054 0.020 7.39 891.0
2455382.52592 17.003 0.017 6.68 902.0
2455382.56350 17.043 0.022 8.64 787.0
2455382.61292 17.002 0.015 6.03 746.0
2455382.65083 16.986 0.013 5.16 716.0
2455382.69261 16.992 0.014 5.99 700.0
2455382.73245 17.016 0.018 7.40 742.0
2455382.77025 16.969 0.022 9.04 813.0
2455382.82095 17.027 0.020 7.72 854.0
2455383.77655 17.096 0.020 7.70 706.0
2455384.80008 17.039 0.020 7.45 1030.0
2455385.47067 17.040 0.017 5.79 1138.0
2455385.50989 17.018 0.013 4.54 858.0
2455385.81041 17.026 0.013 5.14 619.0
2455385.84797 17.003 0.014 6.08 672.0
2455386.47831 17.006 0.013 4.47 1258.0
2455386.56051 17.012 0.013 4.26 1063.0
2455386.60757 17.017 0.012 4.48 617.0
2455386.64396 17.009 0.012 5.19 910.0
2455386.74341 17.023 0.012 5.09 626.0
2455386.78168 17.015 0.012 5.91 633.0
2455386.82469 16.986 0.014 6.57 661.0
2455387.50393 16.991 0.011 3.99 706.0
2455387.61293 17.006 0.010 3.66 517.0
2455387.64770 17.015 0.009 3.38 518.0
2455387.68716 17.009 0.011 4.51 584.0
2455387.72579 17.019 0.011 4.25 569.0
2455387.76655 17.009 0.013 4.56 599.0
2455387.80776 17.043 0.014 5.86 658.0
2455388.46773 17.008 0.019 6.37 1038.0
2455388.50533 17.003 0.014 5.35 706.0
2455388.56524 17.030 0.013 4.72 624.0
2455388.67765 17.018 0.014 5.21 567.0
2455388.76433 17.015 0.015 5.47 570.0
2455388.80758 16.991 0.016 6.34 632.0
2455388.84645 16.990 0.017 7.49 695.0
2455389.49504 17.008 0.015 5.87 733.0
2455389.53318 17.015 0.014 5.68 673.0
2455389.61851 17.018 0.012 4.88 570.0
2455389.72375 16.987 0.015 6.39 620.0
2455389.78412 16.989 0.017 6.74 672.0
2455389.82465 17.038 0.015 5.81 694.0
2455390.46950 17.013 0.020 7.49 901.0
2455390.52432 17.041 0.021 8.29 744.0
2455390.56635 17.012 0.015 6.17 667.0
2455390.65192 17.012 0.015 6.43 659.0
2455390.69816 16.996 0.014 5.73 624.0
2455390.74762 17.019 0.013 5.09 601.0
2455390.78557 16.992 0.014 5.96 588.0
2455390.82325 17.034 0.016 6.79 614.0
2455391.51830 16.978 0.016 6.57 754.0
2455391.55708 17.034 0.020 8.02 696.0
2455391.61665 17.021 0.013 4.99 589.0
2455391.72592 16.998 0.014 5.64 680.0
2455391.80920 17.027 0.015 5.58 752.0
2455391.84666 17.029 0.018 6.71 925.0
2455392.49444 16.988 0.016 6.27 767.0
2455392.53316 17.004 0.015 6.11 711.0
2455392.59460 17.009 0.012 4.96 647.0
2455392.70472 17.012 0.014 5.87 648.0
2455392.78668 17.042 0.013 5.13 636.0
2455392.82431 17.053 0.017 6.59 717.0
2455393.63967 17.016 0.016 6.47 686.0
2455393.67939 17.027 0.016 6.38 666.0
2455393.71757 17.051 0.019 7.36 703.0
2455393.76293 17.031 0.019 7.66 741.0
2455393.80104 17.022 0.019 7.40 762.0
2455395.80807 17.018 0.017 6.16 795.0
2455396.52509 17.019 0.020 7.86 864.0
2455396.59938 17.005 0.015 5.72 756.0
2455396.66249 17.024 0.016 6.32 730.0
2455396.76953 16.998 0.013 5.89 665.0
2455396.80769 17.098 0.021 8.07 734.0
2455397.61759 17.005 0.020 7.51 774.0
2455397.66292 17.002 0.016 6.53 707.0
2455397.70073 17.041 0.018 6.97 768.0
2455402.61969 16.986 0.029 7.99 2098.0
2455402.67286 16.993 0.019 6.57 1272.0
2455403.48232 16.991 0.013 4.45 1152.0
2455403.51993 17.044 0.013 4.35 1118.0
2455403.55707 16.981 0.013 4.67 1110.0
2455403.59579 17.018 0.013 4.29 1247.0
2455403.63664 17.015 0.013 4.69 1086.0
2455403.67492 17.000 0.014 5.11 1159.0
2455403.71578 16.995 0.015 5.68 1223.0
2455403.75368 16.995 0.016 5.80 1345.0
2455403.79151 17.006 0.019 6.49 1521.0
2455404.49543 16.980 0.014 5.16 908.0
2455404.53323 17.008 0.013 4.85 857.0
2455404.57095 17.007 0.014 4.71 868.0
2455404.61112 16.989 0.015 5.38 855.0
2455404.65290 17.008 0.014 5.46 854.0
2455404.69277 16.997 0.015 4.89 926.0
2455404.73219 17.008 0.017 5.44 978.0
2455404.77597 17.023 0.016 5.27 1071.0
2455405.63079 17.058 0.020 7.48 809.0
2455405.67035 17.010 0.016 5.79 785.0
2455405.70844 16.975 0.014 4.86 875.0
2455405.74592 17.027 0.015 5.36 854.0
2455405.78351 17.061 0.015 5.13 880.0
2455407.48529 16.978 0.017 7.02 683.0
2455407.52317 17.039 0.017 6.60 665.0
2455407.56145 16.992 0.016 6.59 633.0
2455407.60051 17.018 0.019 7.41 698.0
2455407.64009 17.036 0.018 6.96 754.0
2455407.67813 17.003 0.017 6.28 764.0
2455407.71732 17.019 0.016 5.62 813.0
2455407.75527 16.989 0.015 5.58 864.0
2455408.51417 16.998 0.021 8.17 799.0
2455408.56585 17.030 0.020 8.17 725.0
2455408.60618 17.016 0.015 5.82 698.0
2455408.64456 16.965 0.015 6.20 768.0
2455408.68328 16.997 0.017 6.75 786.0
2455408.72117 17.021 0.018 7.08 794.0
2455408.75888 17.101 0.018 6.44 914.0
2455409.46896 16.995 0.019 6.94 1147.0
2455409.50675 17.002 0.015 6.51 676.0
2455409.59348 17.009 0.012 5.18 609.0
2455409.69993 17.036 0.014 5.72 710.0
2455409.76108 17.038 0.017 6.74 802.0
2455410.46984 17.033 0.018 6.08 1164.0
2455410.51145 17.034 0.014 5.72 703.0
2455410.59656 17.029 0.013 5.38 610.0
2455410.70344 17.047 0.016 6.59 700.0
2455410.76535 17.027 0.014 5.61 792.0
2455411.48767 17.011 0.012 5.26 641.0
2455411.52559 17.016 0.012 5.05 618.0
2455411.63244 17.012 0.012 5.11 628.0
2455411.74032 17.029 0.014 5.97 711.0
2455411.77808 17.018 0.017 6.95 797.0
2455412.53990 17.015 0.014 5.79 732.0
2455412.57980 17.018 0.015 5.85 771.0
2455412.61856 17.050 0.016 6.26 731.0
2455412.65633 17.016 0.018 6.92 759.0
2455412.70072 17.036 0.018 7.36 748.0
2455413.48009 17.016 0.018 7.08 819.0
2455413.51947 17.018 0.012 4.93 698.0
2455413.62630 17.028 0.013 5.23 602.0
2455413.73377 17.029 0.013 6.39 582.0
2455413.77154 17.053 0.020 8.33 696.0
2455414.49975 17.027 0.012 5.15 619.0
2455414.56100 17.026 0.012 5.01 594.0
2455414.67097 17.019 0.012 4.75 635.0
2455414.75812 17.046 0.012 5.90 628.0
2455416.61677 17.006 0.017 6.73 676.0
2455416.67350 17.030 0.015 5.94 652.0
2455418.53577 17.026 0.012 4.78 595.0
2455418.58231 16.969 0.012 5.44 591.0
2455418.63248 17.033 0.012 5.26 572.0
2455418.68402 17.006 0.016 6.86 609.0
2455421.49127 17.023 0.014 5.50 680.0
2455421.53534 16.995 0.013 5.33 662.0
2455421.59495 17.028 0.014 5.75 650.0
2455421.64113 17.009 0.013 6.04 626.0
2455421.68343 16.982 0.017 7.71 633.0
2455421.72782 17.018 0.015 6.55 634.0
2455422.51714 17.015 0.013 5.29 701.0
2455422.56319 17.008 0.014 5.83 692.0
2455422.71719 17.029 0.013 5.36 606.0
2455423.50111 17.016 0.012 4.98 643.0
2455423.54343 16.997 0.010 4.38 594.0
2455423.67714 17.047 0.018 7.44 688.0
2455425.50856 17.016 0.014 5.29 720.0
2455425.55026 17.012 0.012 5.02 687.0
2455426.51650 17.024 0.020 4.48 3185.0
2455426.59550 17.037 0.023 4.39 4164.0
2455426.73601 17.002 0.024 5.35 3466.0
2455430.50206 17.025 0.018 6.18 1053.0
2455430.54852 17.003 0.015 5.21 970.0
2455430.58679 17.020 0.015 5.04 939.0
2455430.62576 17.010 0.015 5.26 974.0
2455430.66689 16.990 0.020 7.33 1064.0
2455431.50323 17.046 0.014 4.81 995.0
2455431.54376 17.023 0.014 5.14 858.0
2455431.58179 17.019 0.014 5.05 885.0
2455431.62318 16.998 0.016 5.97 918.0
2455431.66081 17.047 0.019 6.78 995.0
2455432.52772 16.989 0.022 7.16 1431.0
2455432.64023 16.993 0.019 6.65 1001.0
2455433.53811 17.031 0.018 6.89 921.0
2455433.66352 17.022 0.018 6.14 1053.0
2455434.48922 17.002 0.016 5.63 793.0
2455434.53429 17.015 0.016 5.29 797.0
2455434.57867 17.023 0.015 5.59 819.0
2455434.62102 16.981 0.014 4.82 835.0
2455434.66576 17.053 0.017 6.10 901.0
2455434.70583 17.020 0.017 6.11 994.0
2455435.50528 16.994 0.015 5.90 755.0
2455435.54809 17.010 0.013 4.24 788.0
2455435.61801 17.010 0.014 5.14 781.0
2455435.67147 17.010 0.014 4.59 796.0
2455435.71042 16.992 0.015 5.57 893.0
2455436.50374 16.997 0.014 5.41 697.0
2455436.64769 16.999 0.014 5.11 785.0
2455437.48634 17.031 0.012 4.08 689.0
2455437.58326 16.976 0.012 5.00 685.0
2455438.49893 17.006 0.016 6.11 801.0
2455438.53838 17.026 0.017 6.57 738.0
2455438.63982 17.007 0.013 4.35 753.0
2455438.67785 17.022 0.013 4.59 726.0
2455439.49128 17.009 0.017 6.25 778.0
2455439.55632 16.976 0.016 6.27 748.0
2455439.59369 17.040 0.016 5.69 732.0
2455439.63171 17.019 0.017 6.53 713.0
2455439.67750 17.030 0.018 6.46 780.0
2455443.52400 17.013 0.014 6.22 693.0
2455443.57011 17.011 0.016 6.91 723.0
2455443.60793 16.966 0.016 6.91 731.0
2455443.65046 17.018 0.016 6.72 700.0
2455444.48256 17.017 0.017 6.24 790.0
2455444.53326 17.008 0.018 7.46 694.0
2455444.58987 17.019 0.014 5.66 661.0
2455444.63189 17.025 0.015 6.08 724.0
2455444.67000 17.018 0.016 6.46 740.0
2455445.53578 17.000 0.015 5.91 727.0
2455445.63973 17.000 0.013 5.54 685.0
2455445.67877 17.046 0.014 6.00 696.0
2455446.51423 16.998 0.014 5.28 697.0
2455446.56003 17.006 0.014 6.00 710.0
2455446.59988 17.009 0.015 5.87 689.0
2455446.63901 17.052 0.015 5.77 662.0
2455447.48634 17.002 0.012 4.87 699.0
2455447.52984 17.016 0.012 4.78 682.0
2455447.56904 17.006 0.015 6.04 681.0
2455447.63446 17.034 0.015 6.58 651.0
2455448.50711 16.985 0.014 5.40 708.0
2455448.54581 17.008 0.015 6.02 719.0
2455448.56056 17.000 0.015 5.34 731.0
2455448.66177 16.992 0.016 7.28 690.0
2455449.50187 17.029 0.017 6.22 735.0
2455449.61606 17.022 0.015 5.90 735.0
2455450.50481 16.984 0.015 6.25 740.0
2455450.54242 17.019 0.018 7.05 755.0
2455450.58573 17.017 0.015 5.93 726.0
2455450.63065 16.993 0.017 6.91 781.0
2455451.49257 17.101 0.020 6.57 1124.0
2455451.54791 17.087 0.018 6.79 749.0
2455451.66117 17.003 0.013 5.69 646.0
2455453.54007 17.000 0.019 7.14 1067.0
2455453.65727 17.001 0.015 5.89 831.0
2455457.47328 17.037 0.018 3.79 3368.0
2455457.54105 17.026 0.012 5.01 803.0
2455457.58859 16.999 0.014 4.97 1003.0
2455458.47478 17.026 0.022 4.83 2968.0
2455458.52356 17.025 0.020 7.03 961.0
2455458.57380 17.010 0.018 6.91 927.0
2455459.49042 17.032 0.015 5.18 871.0
2455459.53685 16.983 0.015 5.04 875.0
2455459.58899 17.006 0.015 5.27 912.0
2455460.48028 17.032 0.022 6.69 1243.0
2455460.52638 17.051 0.017 5.83 858.0
2455460.57543 17.067 0.020 5.51 1759.0
2455461.48053 16.981 0.031 6.86 3620.0
2455461.53615 16.939 0.017 4.95 2014.0
2455461.57851 16.946 0.022 5.93 2318.0
2455461.62165 17.016 0.021 5.61 2143.0
2455462.52930 17.023 0.014 5.14 875.0
2455462.60665 17.029 0.016 5.46 1007.0
2455463.50070 17.022 0.014 5.31 861.0
2455463.54275 17.010 0.014 4.92 871.0
2455464.49099 17.020 0.015 6.24 768.0
2455464.53278 17.016 0.015 5.56 843.0
2455465.48411 17.009 0.018 6.62 939.0
2455466.54073 17.035 0.020 7.76 811.0
2455468.53590 17.021 0.017 6.38 771.0
2455469.55190 17.039 0.013 5.10 749.0
2455470.59049 17.036 0.014 4.85 811.0
2455471.57456 17.041 0.015 5.50 731.0
2455472.53071 17.011 0.018 7.10 808.0
2455473.48976 16.978 0.019 7.31 833.0
2455473.58302 17.046 0.016 6.38 745.0
2455477.52107 17.066 0.018 6.40 831.0
2455478.54425 17.065 0.018 6.50 766.0
2455480.48722 17.045 0.022 7.00 1248.0
2455480.55625 16.994 0.016 6.14 875.0
2455481.52695 17.062 0.022 7.21 1085.0
2455485.49798 17.066 0.024 7.81 1023.0
2455486.49533 16.998 0.020 6.82 1078.0
2455486.55726 17.036 0.021 7.10 1104.0
2455487.54174 17.047 0.015 5.37 961.0
2455488.52890 17.026 0.016 5.26 1043.0
2455489.51528 17.030 0.018 6.39 975.0
2455490.51544 17.038 0.022 7.20 1127.0
2455492.50065 17.018 0.023 7.04 1270.0
2455494.52553 17.007 0.020 7.12 1149.0
2455495.52928 17.024 0.017 6.36 887.0
2455497.52854 17.014 0.016 6.22 950.0
2455499.53086 17.043 0.021 7.60 1045.0
2455507.50520 16.971 0.027 7.81 1654.0
2455596.87523 17.005 0.014 5.72 927.0
2455597.88165 16.992 0.021 6.96 1335.0
2455598.86375 16.999 0.014 5.97 717.0
2455599.87722 17.078 0.012 6.61 443.0
2455600.87006 16.997 0.013 5.56 775.0
2455602.86448 16.994 0.016 6.84 753.0
2455604.87269 17.053 0.016 6.67 761.0
2455605.87076 17.048 0.012 5.27 691.0
2455606.86851 16.990 0.014 5.91 710.0
2455607.87282 17.015 0.014 6.55 721.0
2455608.86771 17.039 0.017 7.08 689.0
2455610.89296 16.997 0.016 5.72 1217.0
2455612.86736 17.002 0.019 7.61 876.0
2455614.85282 17.016 0.015 5.86 874.0
2455615.86110 17.034 0.014 5.47 814.0
2455616.85383 17.015 0.017 7.19 854.0
2455617.88981 17.045 0.027 7.35 2200.0
2455620.84220 17.022 0.014 5.89 692.0
2455621.84502 17.008 0.013 5.96 663.0
2455622.87928 17.014 0.011 5.00 560.0
2455624.83769 17.044 0.014 5.51 638.0
2455625.81687 17.012 0.016 6.87 717.0
2455626.81212 17.032 0.023 9.17 1134.0
2455627.84112 17.020 0.014 5.93 642.0
2455628.85186 16.992 0.014 5.86 641.0
2455630.79746 17.006 0.015 6.81 687.0
2455631.82351 16.996 0.018 7.87 1118.0
2455632.83251 16.994 0.013 5.64 697.0
2455633.78974 17.032 0.014 6.09 707.0
2455634.84460 16.995 0.015 6.15 655.0
2455635.85292 17.005 0.016 6.84 853.0
2455637.81281 17.002 0.017 6.76 979.0
2455638.79195 16.952 0.017 7.02 897.0
2455639.77992 17.028 0.017 6.52 972.0
2455639.85565 17.022 0.012 4.34 783.0
2455640.78760 16.949 0.017 6.85 1022.0
2455640.82592 17.026 0.015 5.69 925.0
2455640.87361 17.000 0.013 5.02 840.0
2455640.91448 16.954 0.016 6.14 1502.0
2455641.78041 17.044 0.014 5.82 946.0
2455641.82280 17.001 0.013 5.43 875.0
2455641.86099 16.993 0.013 5.58 833.0
2455641.90569 17.033 0.015 6.86 838.0
2455642.78273 17.003 0.015 5.65 994.0
2455642.84177 17.021 0.013 5.10 889.0
2455642.90161 16.965 0.014 6.70 861.0
2455643.75725 17.056 0.016 6.00 1068.0
2455643.79548 17.010 0.015 5.81 960.0
2455643.85532 17.015 0.012 4.49 895.0
2455643.89618 16.990 0.011 4.64 820.0
2455644.76119 16.985 0.025 7.84 1958.0
2455644.80181 16.989 0.016 5.63 1284.0
2455644.87617 17.009 0.017 5.44 1866.0
2455647.80193 17.005 0.017 5.65 1465.0
2455647.84581 17.009 0.014 4.93 1304.0
2455647.87303 16.984 0.014 5.12 1266.0
2455647.88902 16.991 0.016 5.99 1258.0
2455647.90739 17.022 0.016 6.20 1220.0
2455648.74699 16.983 0.017 7.49 698.0
2455648.80952 16.989 0.013 5.85 660.0
2455648.85353 17.023 0.011 4.19 616.0
2455648.89677 16.985 0.013 6.27 637.0
2455649.75280 17.001 0.016 7.23 623.0
2455649.79198 17.026 0.013 5.93 601.0
2455649.85944 16.998 0.011 4.78 582.0
2455649.89793 17.044 0.012 5.67 583.0
2455650.74317 16.976 0.013 6.64 637.0
2455650.78388 17.006 0.012 5.38 580.0
2455650.84624 17.027 0.011 4.96 597.0
2455650.89041 17.005 0.014 7.14 614.0
2455651.76553 17.013 0.013 5.83 637.0
2455651.80817 16.991 0.013 5.92 643.0
2455651.87882 17.046 0.014 6.18 650.0
2455652.74560 17.003 0.013 6.15 613.0
2455652.80704 17.000 0.010 4.24 565.0
2455652.84936 16.981 0.010 4.50 576.0
2455653.77402 17.045 0.011 4.28 576.0
2455653.90312 17.009 0.010 4.03 590.0
2455654.77590 17.017 0.013 5.30 620.0
2455654.82565 17.013 0.011 4.65 560.0
2455654.86720 17.021 0.012 5.31 561.0
2455654.92023 17.038 0.015 6.31 1024.0
2455655.76699 17.037 0.014 5.60 677.0
2455655.80502 17.007 0.012 4.79 637.0
2455655.84316 17.000 0.010 4.11 595.0
2455655.89016 16.994 0.011 5.55 575.0
2455656.78503 17.007 0.013 5.44 654.0
2455656.82865 17.009 0.010 4.30 601.0
2455656.87301 17.030 0.011 5.07 582.0
2455657.77632 17.036 0.011 4.19 609.0
2455657.81502 16.991 0.010 4.05 596.0
2455657.86043 17.015 0.011 4.59 586.0
2455657.90507 17.030 0.012 5.29 575.0
2455658.77056 17.046 0.015 6.61 849.0
2455658.81137 17.033 0.015 6.46 599.0
2455658.86829 17.010 0.012 5.33 572.0
2455658.90978 17.016 0.015 6.41 587.0
2455659.72511 17.038 0.013 5.41 646.0
2455659.76265 17.031 0.012 5.11 593.0
2455659.80197 16.992 0.012 5.15 601.0
2455659.84092 16.987 0.014 6.34 603.0
2455659.89070 17.011 0.011 4.90 561.0
2455660.72419 17.060 0.015 6.72 646.0
2455660.77156 17.025 0.013 6.16 570.0
2455660.81490 16.978 0.011 5.31 565.0
2455660.87047 17.047 0.014 5.89 580.0
2455662.72327 16.971 0.017 7.20 688.0
2455662.76364 17.040 0.017 6.78 658.0
2455662.82537 17.011 0.013 5.15 687.0
2455662.86354 17.024 0.012 5.01 665.0
2455662.90552 17.008 0.012 4.98 675.0
2455663.76622 17.028 0.010 5.76 507.0
2455664.76844 17.028 0.016 6.56 775.0
2455664.80949 17.009 0.013 5.19 636.0
2455664.86990 17.010 0.016 6.65 678.0
2455664.91356 17.014 0.013 5.32 629.0
2455665.73756 17.048 0.015 6.17 684.0
2455665.78337 17.030 0.013 5.37 609.0
2455665.84764 17.025 0.013 5.49 580.0
2455665.89526 17.015 0.011 4.53 574.0
2455667.71946 16.997 0.013 5.39 765.0
2455667.77206 16.969 0.013 5.60 716.0
2455667.82452 17.030 0.012 5.18 664.0
2455667.87722 17.027 0.010 4.61 602.0
2455667.92283 17.039 0.011 4.74 641.0
2455668.76099 17.005 0.017 6.79 900.0
2455668.82847 16.997 0.016 5.67 1448.0
2455668.88558 17.037 0.015 4.50 1920.0
2455668.92469 16.969 0.014 5.05 1093.0
2455669.77430 17.010 0.014 5.78 926.0
2455669.81307 17.028 0.013 5.27 878.0
2455669.87476 17.018 0.013 4.85 850.0
2455669.91810 17.020 0.015 5.09 1024.0
2455670.74884 17.040 0.017 6.46 1027.0
2455670.80108 16.992 0.013 4.95 953.0
2455670.85325 17.049 0.014 4.86 961.0
2455670.89465 17.005 0.013 4.49 1003.0
2455671.73024 17.009 0.014 4.95 1075.0
2455671.77068 17.000 0.012 4.56 946.0
2455675.73277 17.001 0.013 4.59 824.0
2455675.77113 17.025 0.014 5.36 850.0
2455675.81047 17.016 0.015 5.75 858.0
2455675.86983 17.009 0.011 3.86 701.0
2455675.92277 16.983 0.014 5.72 808.0
2455676.69772 17.053 0.008 4.05 277.0
2455676.73690 17.014 0.010 4.86 389.0
2455676.77577 17.034 0.011 5.27 532.0
2455676.82079 17.014 0.012 5.98 621.0
2455676.87665 17.001 0.010 3.84 601.0
2455676.92608 17.004 0.012 5.16 727.0
2455677.73186 17.038 0.014 6.32 627.0
2455677.77545 16.998 0.011 4.77 639.0
2455677.82584 17.032 0.013 5.95 625.0
2455677.87782 17.045 0.012 4.52 626.0
2455677.91771 17.009 0.011 4.24 635.0
2455679.69572 16.995 0.013 5.83 667.0
2455679.73762 16.982 0.011 4.62 654.0
2455679.78957 17.030 0.013 5.62 638.0
2455679.84063 16.997 0.012 4.50 659.0
2455679.88199 17.000 0.012 4.81 658.0
2455679.92019 17.017 0.012 4.82 672.0
2455680.68324 17.027 0.015 6.19 672.0
2455680.72164 16.977 0.017 7.68 653.0
2455680.77031 17.030 0.013 5.01 633.0
2455680.82354 17.034 0.013 5.48 624.0
2455680.86651 17.030 0.013 5.03 615.0
2455680.90732 16.996 0.012 4.90 619.0
2455681.67362 17.025 0.016 6.40 718.0
2455681.71183 17.052 0.014 5.75 660.0
2455681.75113 17.017 0.012 5.27 629.0
2455681.80201 17.040 0.012 5.01 622.0
2455681.85709 17.057 0.015 6.00 705.0
2455681.89877 17.029 0.013 5.19 710.0
2455682.66100 17.002 0.015 6.17 809.0
2455682.70179 17.011 0.016 6.85 776.0
2455682.74908 17.014 0.012 4.93 651.0
2455682.79162 17.046 0.012 5.15 676.0
2455682.88166 17.039 0.012 4.59 710.0
2455682.92134 17.028 0.014 6.01 741.0
2455683.68239 17.054 0.013 5.54 701.0
2455683.73256 17.029 0.012 4.96 642.0
2455683.80239 16.999 0.011 4.35 641.0
2455683.86020 17.020 0.013 5.57 739.0
2455683.90239 17.024 0.012 4.69 727.0
2455684.65260 16.969 0.013 5.52 725.0
2455684.70558 17.057 0.013 5.44 649.0
2455684.76473 16.994 0.011 4.46 618.0
2455684.81717 17.015 0.012 4.91 656.0
2455684.87658 16.981 0.013 4.93 677.0
2455684.91681 16.999 0.014 5.91 685.0
2455685.74328 17.016 0.011 4.72 618.0
2455685.79185 17.025 0.011 4.29 598.0
2455685.84406 17.002 0.010 4.01 598.0
2455685.88765 17.033 0.011 4.53 624.0
2455685.92869 17.047 0.015 6.38 798.0
2455686.69253 17.013 0.014 6.31 669.0
2455686.74127 17.014 0.012 5.59 647.0
2455686.79863 17.011 0.010 4.18 650.0
2455686.84596 16.980 0.014 6.17 699.0
2455686.88790 16.989 0.016 6.76 701.0
2455686.92765 17.016 0.015 6.17 762.0
2455687.68435 17.047 0.016 6.92 864.0
2455687.72767 16.998 0.013 5.74 655.0
2455687.77846 16.997 0.012 5.50 629.0
2455687.83133 17.016 0.010 5.11 603.0
2455688.84455 17.008 0.011 4.41 604.0
2455688.91258 17.036 0.016 6.20 960.0
2455689.67548 17.036 0.011 5.00 615.0
2455689.74007 17.012 0.012 5.21 600.0
2455689.78852 17.008 0.010 4.28 567.0
2455690.62707 17.071 0.010 5.85 578.0
2455690.66618 17.026 0.012 5.52 608.0
2455690.71715 17.031 0.012 5.28 567.0
2455690.77950 17.050 0.014 5.53 635.0
2455690.81934 17.068 0.012 5.24 618.0
2455690.88225 17.018 0.016 7.16 832.0
2455691.62350 17.019 0.018 7.40 1118.0
2455691.68831 17.010 0.013 5.57 645.0
2455691.74634 17.035 0.013 5.54 618.0
2455691.79057 16.997 0.015 6.72 672.0
2455691.83994 17.009 0.013 5.77 672.0
2455691.87869 16.992 0.013 6.36 668.0
2455692.63179 16.990 0.020 8.13 1025.0
2455692.68335 17.016 0.012 5.04 726.0
2455692.74265 17.034 0.013 5.57 660.0
2455692.78041 17.004 0.012 5.50 691.0
2455692.82092 17.013 0.014 5.40 792.0
2455692.85898 17.009 0.013 5.23 798.0
2455692.89736 17.040 0.014 5.82 854.0
2455692.93715 17.030 0.020 7.75 1061.0
2455692.93900 17.053 0.020 7.53 1395.0
2455693.64780 17.023 0.014 5.91 768.0
2455693.70727 17.009 0.011 4.54 675.0
2455693.76644 17.008 0.010 4.15 647.0
2455693.80428 17.018 0.010 4.24 696.0
2455693.84298 16.982 0.012 4.79 769.0
2455693.88087 16.973 0.013 5.49 834.0
2455693.92273 17.075 0.016 6.14 902.0
2455694.62541 17.072 0.015 5.48 883.0
2455694.65985 16.998 0.012 4.93 806.0
2455694.71260 17.012 0.012 4.81 750.0
2455694.76701 17.012 0.012 4.78 739.0
2455694.81310 16.998 0.011 4.28 704.0
2455694.85103 17.030 0.012 4.88 677.0
2455694.88860 17.026 0.015 6.39 777.0
2455694.92605 17.021 0.016 6.80 803.0
2455695.62970 17.051 0.018 7.29 810.0
2455695.68239 17.009 0.014 5.40 957.0
2455695.76480 17.018 0.012 4.71 667.0
2455695.81395 16.993 0.011 4.19 774.0
2455695.85290 17.019 0.011 4.52 627.0
2455695.89064 17.012 0.012 5.76 631.0
2455695.92825 17.028 0.014 7.12 667.0
2455696.61868 17.046 0.017 6.43 1028.0
2455696.65983 17.040 0.015 5.50 906.0
2455696.71663 17.019 0.013 4.74 769.0
2455696.75597 17.006 0.012 4.48 710.0
2455696.79780 16.995 0.011 4.05 766.0
2455696.84080 17.014 0.013 4.69 829.0
2455696.88269 17.015 0.015 5.92 776.0
2455696.93870 17.055 0.023 7.71 1373.0
2455697.62797 17.046 0.015 4.82 1057.0
2455697.67537 17.014 0.014 5.38 904.0
2455697.72297 17.007 0.013 4.88 885.0
2455697.76189 16.994 0.012 4.40 862.0
2455697.80530 17.002 0.013 5.03 958.0
2455697.84293 17.010 0.013 4.59 927.0
2455697.88757 17.026 0.014 5.60 945.0
2455697.92831 16.985 0.015 7.80 906.0
2455698.62064 17.019 0.017 5.19 1689.0
2455698.66843 17.020 0.015 4.87 1372.0
2455698.70884 16.983 0.015 4.85 1287.0
2455698.74874 17.006 0.015 4.77 1217.0
2455698.78879 17.021 0.014 4.85 1174.0
2455698.82992 17.038 0.014 4.31 1303.0
2455698.86779 17.026 0.016 5.60 1342.0
2455698.90935 17.040 0.021 7.31 1475.0
2455702.62816 16.944 0.026 6.97 3155.0
2455702.66225 16.991 0.024 6.38 2896.0
2455702.69872 16.961 0.027 7.39 3206.0
2455702.75072 17.013 0.021 6.13 2291.0
2455702.78142 17.007 0.022 5.98 2197.0
2455702.91486 17.011 0.025 7.28 2391.0
2455703.74436 17.050 0.017 6.69 892.0
2455703.81528 17.034 0.021 8.42 1086.0
2455703.86493 16.996 0.020 7.99 1161.0
2455705.73722 17.021 0.016 6.32 696.0
2455705.78006 17.034 0.014 5.84 687.0
2455705.83153 17.011 0.016 6.44 694.0
2455705.88530 17.027 0.021 8.63 901.0
2455705.93443 17.057 0.022 8.70 1129.0
2455706.71345 16.975 0.016 7.12 761.0
2455706.76912 17.015 0.016 6.93 651.0
2455706.84134 17.007 0.018 7.62 870.0
2455707.57676 17.038 0.016 6.65 886.0
2455707.61422 16.986 0.015 6.68 687.0
2455707.66127 17.048 0.014 6.00 631.0
2455707.70902 17.022 0.013 5.75 641.0
2455707.74752 16.995 0.013 5.53 658.0
2455707.78828 17.005 0.011 4.62 692.0
2455707.82802 17.006 0.013 5.48 802.0
2455707.86779 17.004 0.015 6.18 786.0
2455707.90814 17.005 0.018 7.73 851.0
2455708.57343 17.006 0.017 6.77 1065.0
2455708.62309 17.002 0.019 7.76 845.0
2455708.67922 16.989 0.014 5.95 613.0
2455708.72848 16.995 0.012 5.09 604.0
2455708.76947 17.006 0.013 5.95 721.0
2455708.81815 17.030 0.016 6.83 691.0
2455708.86346 17.011 0.019 8.05 762.0
2455708.92206 17.017 0.023 10.04 1211.0
2455709.59753 17.058 0.013 5.94 591.0
2455709.65262 16.976 0.010 5.24 548.0
2455709.83600 17.078 0.012 5.80 599.0
2455712.57106 16.990 0.020 7.69 1276.0
2455712.63389 17.022 0.013 5.57 727.0
2455712.64641 16.985 0.014 5.95 710.0
2455712.70745 17.006 0.011 4.87 656.0
2455712.74826 16.990 0.011 4.74 649.0
2455712.78997 17.009 0.012 5.01 695.0
2455712.82903 17.007 0.012 5.71 670.0
2455712.87645 17.028 0.015 7.67 740.0
2455713.75680 16.993 0.011 4.97 626.0
2455713.79293 16.994 0.012 5.49 634.0
2455713.80540 17.014 0.012 5.16 632.0
2455713.84378 17.078 0.013 6.21 587.0
2455714.57976 16.996 0.015 6.82 866.0
2455714.65364 17.016 0.013 5.94 556.0
2455714.66660 16.981 0.009 5.54 464.0
2455714.86817 17.111 0.020 8.51 673.0
2455715.65422 16.987 0.012 5.12 614.0
2455715.69887 17.013 0.011 5.10 562.0
2455715.74387 17.004 0.011 4.76 585.0
2455715.79047 17.033 0.013 5.38 596.0
2455715.83303 17.068 0.015 6.68 637.0
2455715.88820 17.016 0.015 6.75 677.0
2455716.57748 17.019 0.016 6.66 717.0
2455716.66363 17.017 0.013 5.56 590.0
2455716.67638 17.024 0.015 6.49 596.0
2455716.72911 17.009 0.012 5.09 558.0
2455716.77256 17.053 0.014 5.90 585.0
2455716.81242 17.022 0.014 6.07 594.0
2455716.85198 17.037 0.018 7.63 789.0
2455716.89139 17.070 0.017 7.36 687.0
2455721.59403 16.987 0.013 5.34 796.0
2455721.60651 17.031 0.015 6.05 733.0
2455721.61894 17.055 0.013 5.53 713.0
2455721.67129 17.043 0.012 5.08 703.0
2455721.68386 17.017 0.013 5.52 677.0
2455721.69638 17.001 0.011 4.90 651.0
2455721.76422 17.020 0.011 4.82 587.0
2455721.80377 16.988 0.010 5.16 562.0
2455721.84488 17.076 0.016 6.45 722.0
2455721.89478 16.995 0.016 6.93 786.0
2455722.58925 17.011 0.012 4.45 766.0
2455722.64367 17.012 0.012 4.92 685.0
2455722.69829 17.008 0.012 4.76 636.0
2455722.76376 17.036 0.013 5.22 693.0
2455722.80351 16.987 0.013 5.35 744.0
2455723.54475 17.003 0.018 7.06 914.0
2455723.58421 17.028 0.013 5.04 749.0
2455723.63234 17.048 0.013 5.61 687.0
2455723.68231 16.980 0.013 5.84 670.0
2455723.72233 16.999 0.011 4.62 625.0
2455723.76188 17.026 0.012 5.08 672.0
2455723.80047 17.027 0.012 4.92 606.0
2455723.84010 17.036 0.014 5.76 648.0
2455724.54006 17.003 0.020 6.87 1078.0
2455724.58314 17.010 0.017 5.95 935.0
2455724.59738 16.962 0.015 5.88 889.0
2455724.60996 16.989 0.015 5.77 852.0
2455724.66065 16.996 0.015 5.99 756.0
2455724.72204 16.979 0.012 4.86 700.0
2455724.77187 17.033 0.014 5.18 729.0
2455724.81292 17.006 0.014 5.66 739.0
2455725.56291 16.977 0.014 5.68 861.0
2455725.63031 16.995 0.011 4.47 773.0
2455725.69694 17.013 0.010 4.00 776.0
2455725.73753 17.007 0.012 4.30 852.0
2455725.77641 16.990 0.013 4.85 832.0
2455726.53945 16.971 0.020 6.58 1609.0
2455726.57727 17.036 0.017 5.85 1165.0
2455726.62434 17.001 0.014 4.95 1023.0
2455726.67167 17.010 0.015 5.35 1020.0
2455726.71114 16.999 0.011 3.88 972.0
2455726.75168 17.042 0.014 4.88 1070.0
2455726.79714 17.031 0.016 5.81 1113.0
2455734.59742 17.037 0.020 8.08 887.0
2455734.67649 17.045 0.014 6.00 677.0
2455734.72189 17.022 0.016 6.85 816.0
2455734.76755 17.013 0.017 7.19 767.0
2455734.81092 16.981 0.017 7.38 768.0
2455734.86123 17.092 0.024 8.33 848.0
2455735.64930 17.008 0.015 6.85 720.0
2455735.69454 17.024 0.016 7.27 641.0
2455735.75686 17.038 0.014 6.43 664.0
2455735.80576 17.002 0.013 6.22 681.0
2455735.85254 17.023 0.017 7.40 778.0
2455736.50981 17.067 0.020 7.45 931.0
2455736.55281 17.023 0.014 5.95 733.0
2455736.59077 17.031 0.012 5.09 644.0
2455736.63509 16.999 0.010 4.09 548.0
2455736.67511 17.007 0.010 4.62 535.0
2455736.74719 17.017 0.011 4.94 601.0
2455736.80281 17.045 0.013 5.14 661.0
2455736.84990 17.021 0.013 5.16 703.0
2455736.89666 17.046 0.016 6.56 884.0
2455737.53601 17.034 0.013 5.31 697.0
2455737.57600 17.004 0.011 4.54 624.0
2455737.63027 16.987 0.010 4.07 561.0
2455737.67103 17.015 0.010 4.15 528.0
2455737.72556 17.015 0.011 4.70 529.0
2455737.76496 17.030 0.012 5.75 565.0
2455737.80566 17.031 0.013 5.83 598.0
2455737.85125 17.031 0.013 5.83 671.0
2455737.89311 17.072 0.015 6.41 747.0
2455738.60426 17.036 0.012 5.07 588.0
2455738.65740 17.028 0.010 4.52 557.0
2455738.71183 17.018 0.011 4.78 593.0
2455738.75137 17.020 0.012 6.28 603.0
2455739.54245 17.030 0.015 5.89 755.0
2455739.58067 17.029 0.014 5.71 636.0
2455739.62126 17.008 0.012 5.30 573.0
2455739.68843 16.995 0.012 5.08 544.0
2455739.72792 17.001 0.013 5.68 575.0
2455739.76688 17.024 0.013 5.94 623.0
2455739.80934 17.024 0.016 7.15 662.0
2455739.86272 16.951 0.016 6.88 732.0
2455740.51662 17.102 0.018 6.50 776.0
2455740.56129 17.001 0.017 6.85 727.0
2455740.62300 16.917 0.019 8.77 632.0
2455740.66491 16.991 0.014 5.86 610.0
2455740.72561 16.991 0.015 6.46 625.0
2455740.76542 16.979 0.012 5.54 629.0
2455740.81005 17.011 0.015 6.50 685.0
2455740.84829 17.063 0.018 7.46 745.0
2455741.49701 17.042 0.017 6.74 816.0
2455741.53525 17.017 0.013 5.45 708.0
2455741.58054 16.986 0.012 5.35 629.0
2455741.61834 17.040 0.013 5.52 584.0
2455741.65639 17.037 0.013 5.65 558.0
2455741.71759 17.033 0.013 5.93 586.0
2455741.75914 17.023 0.012 5.63 557.0
2455741.79757 17.009 0.012 5.35 607.0
2455741.83559 16.986 0.013 5.76 667.0
2455741.87375 17.015 0.013 6.22 687.0
2455742.50743 17.044 0.014 4.99 810.0
2455742.55039 17.020 0.014 5.36 819.0
2455742.59150 17.036 0.013 5.33 640.0
2455742.64007 17.005 0.011 4.71 572.0
2455742.69186 17.016 0.011 4.55 555.0
2455742.73084 16.966 0.011 4.80 558.0
2455742.76886 17.039 0.011 4.84 598.0
2455742.80717 17.016 0.011 5.14 631.0
2455742.84738 17.019 0.013 5.96 638.0
2455743.60264 17.033 0.018 7.38 780.0
2455743.64114 16.973 0.015 6.78 634.0
2455743.68206 17.018 0.013 5.28 620.0
2455743.74184 17.000 0.014 5.59 687.0
2455743.78005 17.007 0.016 6.15 700.0
2455743.81808 16.994 0.014 5.29 694.0
2455743.85580 16.978 0.017 6.42 812.0
2455744.49968 16.997 0.019 7.58 911.0
2455744.53775 17.010 0.016 6.19 747.0
2455744.57623 17.001 0.016 6.65 713.0
2455744.61438 16.985 0.014 5.72 703.0
2455744.67526 17.056 0.013 5.48 596.0
2455744.74866 17.030 0.012 5.49 570.0
2455744.79475 16.996 0.013 5.72 612.0
2455744.83958 17.031 0.016 6.82 706.0
2455745.48880 17.026 0.016 7.69 698.0
2455745.52727 17.043 0.018 7.55 700.0
2455745.57401 17.022 0.015 6.22 638.0
2455745.61424 16.986 0.015 6.68 660.0
2455745.66371 17.023 0.012 5.13 604.0
2455745.71334 17.018 0.012 5.63 627.0
2455745.75132 17.011 0.014 6.74 605.0
2455745.78941 17.019 0.017 7.88 631.0
2455746.54137 17.021 0.014 6.93 898.0
2455746.59557 17.022 0.013 5.78 618.0
2455746.63346 17.026 0.016 7.10 586.0
2455746.70213 17.053 0.014 5.93 584.0
2455746.73989 17.046 0.014 5.94 599.0
2455746.77750 17.011 0.016 6.73 658.0
2455746.81992 17.046 0.017 7.25 665.0
2455747.58732 16.947 0.021 8.87 768.0
2455747.63067 17.030 0.016 6.93 618.0
2455747.67701 16.977 0.017 7.46 622.0
2455747.72001 16.994 0.018 8.10 636.0
2455747.76409 16.906 0.017 7.84 656.0
2455748.60632 17.026 0.014 5.79 718.0
2455748.65647 17.012 0.012 5.35 613.0
2455749.50179 17.001 0.018 7.54 788.0
2455749.53962 16.993 0.014 5.92 679.0
2455749.57747 17.019 0.014 6.24 619.0
2455749.61699 17.018 0.012 5.32 607.0
2455749.66707 17.011 0.015 6.61 605.0
2455749.70620 17.022 0.017 7.94 604.0
2455749.74441 17.018 0.016 7.54 619.0
2455749.78293 16.976 0.017 8.19 624.0
2455752.54609 17.069 0.019 7.25 859.0
2455752.58395 17.033 0.019 7.24 797.0
2455752.63730 17.024 0.015 6.65 639.0
2455752.69053 17.018 0.013 6.02 801.0
2455752.73503 17.001 0.013 6.79 590.0
2455752.77491 17.037 0.017 7.41 837.0
2455753.52319 16.964 0.025 7.67 2461.0
2455753.57230 17.036 0.023 8.12 1299.0
2455753.62556 17.049 0.027 8.01 2013.0
2455753.71149 17.061 0.019 6.83 1357.0
2455753.78697 17.023 0.023 7.82 1607.0
2455759.80870 16.986 0.020 7.53 1094.0
2455760.46670 17.037 0.020 6.71 1301.0
2455760.50463 17.022 0.018 7.27 814.0
2455760.56098 17.030 0.015 6.26 788.0
2455760.66001 17.017 0.014 6.37 727.0
2455760.70131 17.029 0.015 6.41 786.0
2455760.75014 17.017 0.015 6.41 792.0
2455760.78812 17.002 0.014 6.08 840.0
2455760.82575 17.062 0.018 6.83 952.0
2455761.52105 17.007 0.008 4.62 518.0
2455761.56423 17.059 0.007 3.81 484.0
2455762.48531 17.077 0.016 6.04 712.0
2455762.52593 17.018 0.015 5.80 697.0
2455762.56410 17.003 0.013 5.26 660.0
2455762.60595 17.004 0.013 5.37 641.0
2455762.64491 16.995 0.015 6.71 647.0
2455762.72047 17.047 0.017 6.80 707.0
2455763.47624 17.037 0.016 6.25 832.0
2455763.51887 17.004 0.011 4.74 673.0
2455763.56056 16.990 0.009 3.87 613.0
2455763.61463 17.026 0.014 6.03 632.0
2455763.66276 17.021 0.012 5.64 642.0
2455763.70316 17.019 0.015 7.51 724.0
2455763.74811 17.011 0.014 6.43 801.0
2455763.78611 16.984 0.017 7.43 845.0
2455764.48068 17.013 0.014 5.33 744.0
2455764.52473 17.014 0.012 4.88 628.0
2455764.56446 16.985 0.012 4.97 689.0
2455764.60752 16.992 0.010 4.29 588.0
2455764.65480 17.020 0.011 5.05 550.0
2455764.70292 17.008 0.012 5.66 603.0
2455764.74903 17.004 0.014 6.20 647.0
2455765.48330 16.978 0.012 5.10 754.0
2455765.52612 17.024 0.014 5.50 740.0
2455765.57806 16.989 0.011 4.25 705.0
2455765.63374 17.000 0.011 4.76 680.0
2455765.67718 17.008 0.014 6.11 738.0
2455765.72214 17.012 0.015 6.68 685.0
2455765.76539 17.021 0.018 8.21 734.0
2455766.49572 16.962 0.014 6.00 641.0
2455766.53529 16.988 0.012 5.27 600.0
2455766.59954 17.013 0.010 4.11 539.0
2455766.63899 17.040 0.012 4.93 556.0
2455766.67978 16.998 0.012 5.60 552.0
2455766.72444 17.021 0.017 7.39 581.0
2455767.47285 17.037 0.018 6.76 839.0
2455767.51667 17.029 0.015 6.02 686.0
2455767.55980 17.032 0.014 5.64 691.0
2455767.60392 17.021 0.014 5.98 662.0
2455767.67170 17.026 0.013 5.67 661.0
2455767.72551 17.083 0.016 6.39 675.0
2455767.76759 16.981 0.017 7.45 647.0
2455768.47206 17.030 0.013 5.36 768.0
2455768.51239 17.039 0.013 5.62 645.0
2455768.57274 16.980 0.011 4.67 647.0
2455768.61554 17.021 0.012 5.43 619.0
2455768.66220 17.021 0.012 5.67 591.0
2455768.71236 16.990 0.011 5.64 594.0
2455768.75265 16.989 0.015 7.00 657.0
2455768.79133 17.022 0.014 6.29 714.0
2455769.49753 16.998 0.013 5.03 695.0
2455769.53871 17.008 0.011 4.68 581.0
2455769.59382 17.024 0.012 5.29 530.0
2455769.66115 17.050 0.011 5.23 524.0
2455769.71065 17.026 0.013 5.14 620.0
2455769.75302 17.058 0.014 6.00 627.0
2455770.65356 17.003 0.016 7.04 669.0
2455770.73827 17.011 0.013 4.94 648.0
2455775.55273 17.019 0.017 7.60 622.0
2455775.61954 16.997 0.016 6.98 598.0
2455775.69676 17.019 0.011 6.53 434.0
2455776.57478 17.040 0.016 6.51 669.0
2455776.62279 17.013 0.016 6.97 612.0
2455776.68862 17.024 0.015 6.89 620.0
2455776.73800 17.018 0.020 8.75 651.0
2455777.49420 17.000 0.012 4.91 692.0
2455777.54432 17.011 0.010 4.32 616.0
2455777.59080 17.050 0.015 7.00 627.0
2455777.67101 17.030 0.012 5.97 584.0
2455777.72159 17.035 0.013 6.13 599.0
2455778.47765 17.001 0.020 7.78 835.0
2455778.57567 16.992 0.015 5.65 775.0
2455778.62383 16.996 0.016 6.82 826.0
2455779.61324 17.014 0.011 5.51 607.0
2455779.65953 17.022 0.013 6.27 632.0
2455779.71206 17.013 0.014 6.71 662.0
2455784.51126 16.989 0.016 4.61 1502.0
2455784.59747 17.030 0.014 4.88 929.0
2455784.70574 17.060 0.024 5.59 2635.0
2455785.47565 17.027 0.019 6.62 1029.0
2455785.53962 17.060 0.020 6.84 922.0
2455785.59207 17.018 0.016 5.82 886.0
2455785.64125 16.994 0.019 7.23 921.0
2455785.68222 17.054 0.018 6.62 934.0
2455785.72402 17.056 0.022 7.93 1033.0
2455786.52298 16.999 0.018 6.55 962.0
2455786.58523 16.989 0.014 5.46 861.0
2455786.62937 17.035 0.015 5.16 855.0
2455786.67198 17.023 0.017 6.38 888.0
2455786.72893 17.067 0.020 7.04 1053.0
2455787.49109 17.038 0.015 5.57 892.0
2455787.56237 17.033 0.013 5.03 823.0
2455787.60651 16.967 0.012 5.30 819.0
2455787.64917 17.032 0.014 5.07 865.0
2455787.69047 17.056 0.015 5.68 914.0
2455787.73757 17.075 0.020 7.67 1055.0
2455788.50593 16.997 0.015 5.89 731.0
2455788.57023 17.055 0.016 6.43 749.0
2455788.60889 17.011 0.015 5.76 795.0
2455788.65066 17.017 0.015 5.91 779.0
2455788.69157 17.070 0.022 7.92 879.0
2455788.73309 17.079 0.023 8.27 977.0
2455790.48750 17.009 0.014 6.03 642.0
2455790.53732 17.027 0.014 6.16 623.0
2455790.58930 17.000 0.017 7.44 696.0
2455790.62849 17.064 0.017 7.21 709.0
2455790.66944 17.023 0.015 6.39 687.0
2455790.70971 17.012 0.015 6.54 818.0
2455791.47588 16.989 0.019 7.45 808.0
2455791.52598 16.988 0.016 6.77 668.0
2455793.47605 17.003 0.016 6.48 800.0
2455793.54080 17.025 0.014 6.01 639.0
2455793.58337 16.999 0.014 5.98 619.0
2455793.62420 17.007 0.014 6.28 625.0
2455793.66288 17.019 0.013 5.84 626.0
2455793.70427 17.034 0.015 6.12 687.0
2455794.47807 17.049 0.019 7.59 706.0
2455794.53788 17.014 0.014 5.75 601.0
2455794.59039 17.048 0.015 6.28 620.0
2455794.62906 17.009 0.015 6.62 631.0
2455794.67664 17.046 0.015 6.54 664.0
2455795.52877 17.037 0.019 7.50 648.0
2455795.58587 16.997 0.018 7.51 656.0
2455795.64220 17.031 0.015 5.62 632.0
2455795.72390 17.007 0.016 6.90 660.0
2455796.50208 17.031 0.014 6.04 675.0
2455796.56750 17.034 0.016 7.30 675.0
2455796.61086 17.048 0.014 6.50 639.0
2455796.65091 17.059 0.016 7.03 621.0
2455796.69399 17.011 0.017 7.36 715.0
2455798.67532 17.044 0.019 8.37 689.0
2455801.48139 17.010 0.014 5.78 674.0
2455801.54605 17.030 0.015 6.34 610.0
2455801.58499 17.027 0.015 6.65 600.0
2455801.62312 16.959 0.018 7.91 653.0
2455801.66448 17.016 0.015 6.27 639.0
2455802.52205 17.053 0.017 7.03 678.0
2455802.57890 16.969 0.015 6.63 668.0
2455803.50972 17.014 0.014 5.83 658.0
2455803.59100 17.020 0.017 7.33 708.0
2455804.52873 17.028 0.013 5.17 620.0
2455804.56698 17.010 0.012 5.21 608.0
2455804.60735 16.982 0.014 6.13 616.0
2455804.64526 17.006 0.015 6.62 677.0
2455804.68923 17.027 0.017 6.86 740.0
2455805.50552 17.004 0.011 4.92 606.0
2455805.55801 17.012 0.011 4.59 575.0
2455805.59586 17.007 0.012 5.20 602.0
2455805.64219 17.017 0.017 7.30 678.0
2455806.49857 17.032 0.017 6.67 722.0
2455806.55514 17.002 0.017 6.72 746.0
2455807.55183 16.981 0.017 7.15 684.0
2455807.59339 17.016 0.017 6.76 702.0
2455807.63571 16.973 0.017 7.15 688.0
2455812.49862 16.951 0.019 7.08 980.0
2455812.53891 16.986 0.020 7.22 989.0
2455812.57815 17.013 0.017 5.63 979.0
2455812.61809 16.992 0.017 5.93 991.0
2455812.65778 16.952 0.026 7.56 1901.0
2455813.51994 17.019 0.014 6.26 845.0
2455813.56198 17.012 0.013 4.86 854.0
2455813.60020 17.029 0.013 5.19 881.0
2455813.63796 17.006 0.013 6.12 924.0
2455815.47856 16.987 0.015 5.95 1082.0
2455815.53151 16.990 0.012 4.61 786.0
2455815.56997 17.010 0.011 4.63 794.0
2455815.61717 16.994 0.011 4.29 884.0
2455815.65345 17.040 0.012 4.62 950.0
2455816.50286 17.031 0.013 5.06 792.0
2455816.55036 16.987 0.014 5.56 866.0
2455816.58869 17.041 0.015 5.77 878.0
2455816.62671 17.036 0.022 8.62 933.0
2455817.50402 17.014 0.013 5.25 760.0
2455817.55136 17.020 0.016 6.38 798.0
2455817.59054 17.018 0.016 6.03 835.0
2455817.62838 17.064 0.018 7.26 864.0
2455818.48326 17.008 0.016 6.25 804.0
2455818.53278 17.016 0.015 5.89 791.0
2455818.57078 16.997 0.016 6.05 811.0
2455818.61110 16.992 0.018 6.55 932.0
2455819.48331 17.008 0.015 5.91 855.0
2455819.54148 17.035 0.015 6.13 795.0
2455819.57908 17.012 0.014 5.76 806.0
2455819.61837 17.029 0.013 5.21 863.0
2455819.65530 17.015 0.017 6.52 982.0
2455820.51017 17.065 0.019 7.39 791.0
2455820.55714 17.004 0.014 5.71 737.0
2455820.59498 16.997 0.014 5.16 783.0
2455820.63277 16.996 0.018 6.75 901.0
2455822.52378 17.024 0.019 7.63 638.0
2455822.56873 17.012 0.016 6.96 617.0
2455822.61222 17.010 0.014 5.71 658.0
2455823.50035 16.988 0.019 7.97 723.0
2455823.54366 17.021 0.018 6.74 715.0
2455823.58719 16.957 0.014 5.75 709.0
2455823.62766 17.024 0.018 7.01 744.0
2455824.52600 17.029 0.013 5.45 652.0
2455824.56524 17.032 0.013 5.21 638.0
2455824.60646 17.006 0.015 6.43 671.0
2455825.48598 17.003 0.019 7.73 803.0
2455825.53556 16.993 0.015 5.92 723.0
2455825.58191 17.032 0.014 5.38 745.0
2455825.62425 17.039 0.016 7.18 704.0
2455826.50505 16.999 0.017 6.70 695.0
2455826.55373 17.022 0.016 6.12 708.0
2455826.59322 17.044 0.019 7.38 776.0
2455827.49345 17.078 0.021 8.11 809.0
2455827.53113 16.994 0.018 7.21 816.0
2455827.57397 17.019 0.018 6.73 805.0
2455827.61154 17.049 0.018 7.03 746.0
2455828.50460 17.024 0.014 5.27 641.0
2455828.54450 17.011 0.013 5.34 640.0
2455828.58214 16.996 0.015 6.26 675.0
2455828.61686 16.990 0.015 5.82 744.0
2455829.51735 17.007 0.014 5.80 727.0
2455829.55527 17.039 0.014 6.16 725.0
2455829.59355 17.016 0.014 6.93 707.0
2455830.48122 17.017 0.013 4.99 932.0
2455830.53052 17.011 0.012 5.10 645.0
2455830.56818 17.030 0.016 6.70 675.0
2455830.60643 17.093 0.018 7.02 671.0
2455831.52928 17.000 0.013 5.59 662.0
2455831.56683 17.041 0.014 6.39 664.0
2455831.60258 17.043 0.017 8.18 721.0
2455832.51269 17.034 0.012 5.11 695.0
2455832.55226 17.024 0.016 6.75 725.0
2455832.59189 17.018 0.019 7.35 776.0
2455833.51036 16.999 0.013 5.47 691.0
2455833.55024 17.011 0.013 5.14 648.0
2455833.58807 17.051 0.018 7.28 688.0
2455834.50984 17.008 0.012 4.92 647.0
2455834.54751 17.003 0.013 5.53 631.0
2455834.58688 17.030 0.015 4.95 678.0
2455835.53097 17.083 0.021 7.43 780.0
2455836.48452 16.997 0.023 6.80 1803.0
2455836.52807 17.046 0.019 5.43 1453.0
2455839.48425 17.032 0.019 6.49 1328.0
2455839.52416 17.027 0.018 7.35 907.0
2455839.56310 17.032 0.018 6.75 972.0
2455839.59348 17.005 0.025 7.12 2039.0
2455840.51235 17.064 0.017 6.34 851.0
2455840.56479 17.040 0.015 5.25 885.0
2455840.60693 17.061 0.017 5.76 983.0
2455841.51024 17.009 0.019 6.87 945.0
2455841.54982 17.014 0.016 5.55 969.0
2455841.59286 17.036 0.018 6.22 1036.0
2455842.51224 17.088 0.024 8.08 906.0
2455842.55637 17.041 0.018 6.04 923.0
2455842.59682 16.988 0.021 7.58 1058.0
2455843.51383 17.022 0.017 6.74 860.0
2455843.55466 16.997 0.017 6.69 870.0
2455843.59515 17.027 0.020 7.53 957.0
2455844.49815 17.059 0.016 5.91 897.0
2455844.53760 17.020 0.016 6.08 915.0
2455844.57839 17.023 0.020 6.99 1025.0
2455845.49849 16.983 0.017 7.03 899.0
2455845.53830 17.039 0.016 5.74 976.0
2455845.57865 16.997 0.024 8.44 1169.0
2455846.50235 16.995 0.020 7.10 1060.0
2455846.57918 17.059 0.024 7.43 1326.0
2455850.51306 17.058 0.014 5.75 784.0
2455850.55167 17.056 0.016 6.65 777.0
2455851.50198 17.050 0.014 6.04 728.0
2455851.54032 17.017 0.014 5.93 723.0
2455852.48985 17.106 0.024 7.20 1417.0
2455852.52980 17.012 0.021 7.76 1003.0
2455854.49335 17.040 0.021 6.68 1276.0
2455854.53655 17.056 0.017 5.78 911.0
2455855.52237 16.953 0.016 5.72 931.0
2455855.55033 17.029 0.017 6.17 923.0
2455856.52237 16.988 0.018 6.58 893.0
2455857.49233 17.023 0.023 7.51 1460.0
2455858.49477 17.049 0.023 7.69 1206.0
2455859.49353 17.037 0.023 6.36 1749.0
2455859.53095 17.045 0.016 6.09 882.0
2455860.50703 16.981 0.017 6.54 861.0
2455862.51508 17.016 0.016 6.46 775.0
2455866.50758 16.997 0.022 7.00 1436.0
2455866.52307 17.072 0.024 7.62 1399.0
2455867.51076 17.039 0.015 5.35 980.0
2455868.51210 16.998 0.020 7.00 1066.0
2455869.50303 16.983 0.019 5.41 1485.0
2455870.50767 17.016 0.016 6.27 1215.0
2455871.49642 17.048 0.026 6.08 2934.0
2455871.50864 17.006 0.018 7.26 1134.0
2455872.49625 17.020 0.029 6.72 3798.0
2455873.49744 17.004 0.026 5.44 3109.0
2455960.87838 16.834 0.013 5.82 959.0
2455961.87355 16.772 0.014 7.90 854.0
2455962.87821 16.805 0.013 6.68 794.0
2455963.87886 16.803 0.014 7.61 771.0
2455964.87393 16.801 0.015 7.65 1006.0
2455965.88130 16.759 0.012 5.72 995.0
2455967.88636 16.753 0.013 6.44 1530.0
2455968.87934 16.740 0.012 6.54 911.0
2455969.88578 16.716 0.015 7.42 1080.0
2455971.86013 16.703 0.011 7.25 782.0
2455972.87575 16.674 0.011 6.75 1186.0
2455976.86561 16.608 0.011 7.03 623.0
2455977.82369 16.606 0.011 7.17 775.0
2455977.86451 16.618 0.010 6.08 717.0
2455978.83656 16.547 0.011 8.61 665.0
2455978.87495 16.571 0.010 7.05 631.0
2455979.82735 16.580 0.012 7.95 700.0
2455979.86679 16.553 0.010 7.13 661.0
2455980.84833 16.521 0.012 8.53 694.0
2455982.81410 16.460 0.009 6.35 664.0
2455982.85275 16.490 0.008 6.07 594.0
2455982.90000 16.487 0.010 5.45 1107.0
2455983.84452 16.424 0.009 6.31 653.0
2455983.89207 16.473 0.007 4.31 611.0
2455984.82986 16.431 0.009 6.72 635.0
2455984.86480 16.420 0.007 5.24 583.0
2455985.81385 16.375 0.009 7.45 747.0
2455985.84880 16.391 0.009 7.20 705.0
2455985.89249 16.376 0.009 6.49 660.0
2455986.82707 16.350 0.009 7.26 716.0
2455986.86543 16.355 0.007 5.73 624.0
2455987.81330 16.333 0.009 6.84 755.0
2455987.84189 16.336 0.008 5.72 686.0
2455987.89130 16.317 0.007 5.03 637.0
2455988.81797 16.316 0.009 7.29 695.0
2455988.85892 16.315 0.008 6.07 670.0
2455988.90565 16.299 0.010 5.09 1931.0
2455989.82842 16.302 0.009 7.57 602.0
2455989.87016 16.296 0.009 7.05 566.0
2455990.79926 16.240 0.008 7.30 603.0
2455990.83296 16.242 0.007 6.29 592.0
2455990.87437 16.230 0.007 6.27 591.0
2455991.80663 16.234 0.009 7.78 786.0
2455991.84947 16.257 0.007 5.82 594.0
2455991.90103 16.235 0.006 5.15 673.0
2455992.82456 16.210 0.007 6.22 780.0
2455992.86664 16.198 0.007 5.94 624.0
2455993.78929 16.207 0.011 8.37 901.0
2455993.83209 16.193 0.009 7.30 793.0
2455993.87195 16.230 0.008 6.15 716.0
2455994.80095 16.162 0.007 5.48 1051.0
2455994.82633 16.174 0.007 5.05 917.0
2455994.87704 16.174 0.007 5.54 820.0
2455995.78764 16.148 0.007 5.10 995.0
2455995.80896 16.144 0.006 4.89 914.0
2455995.84214 16.118 0.006 4.81 837.0
2455995.89128 16.140 0.006 5.34 758.0
2455996.79574 16.126 0.007 5.88 842.0
2455996.83332 16.122 0.006 5.18 765.0
2455996.88008 16.131 0.005 4.32 678.0
2455997.79120 16.098 0.007 6.87 810.0
2455997.82718 16.123 0.006 5.39 743.0
2455997.87554 16.120 0.006 5.13 712.0
2455997.91327 16.117 0.007 4.42 1994.0
2455998.80303 16.112 0.006 5.29 795.0
2455998.85201 16.103 0.006 4.58 703.0
2455998.89331 16.112 0.006 4.91 684.0
2455999.78743 16.099 0.007 6.33 852.0
2455999.83644 16.080 0.006 5.03 801.0
2455999.87437 16.103 0.006 4.55 738.0
2455999.91237 16.095 0.006 4.18 1051.0
2456002.80458 16.121 0.010 5.96 1889.0
2456002.83742 16.108 0.009 5.03 1908.0
2456002.87814 16.112 0.008 4.41 1868.0
2456003.85284 16.143 0.008 7.20 737.0
2456003.89954 16.116 0.007 5.93 720.0
2456004.78467 16.120 0.007 6.64 681.0
2456004.83259 16.130 0.006 5.56 663.0
2456004.88105 16.126 0.006 5.11 633.0
2456004.91899 16.115 0.008 4.13 3335.0
2456005.78719 16.162 0.006 6.55 610.0
2456005.83008 16.174 0.007 5.89 615.0
2456005.89411 16.162 0.005 3.73 534.0
2456006.76094 16.166 0.007 5.85 626.0
2456006.80399 16.167 0.006 4.46 568.0
2456006.86362 16.183 0.006 5.11 577.0
2456006.90197 16.190 0.006 4.85 576.0
2456007.76548 16.171 0.007 6.04 599.0
2456007.81287 16.195 0.006 4.94 584.0
2456007.86090 16.193 0.006 4.55 541.0
2456007.89889 16.181 0.005 4.11 558.0
2456008.75754 16.197 0.007 6.40 678.0
2456008.79641 16.227 0.007 6.17 617.0
2456008.85303 16.245 0.008 7.62 616.0
2456008.89222 16.251 0.007 5.93 590.0
2456009.75194 16.226 0.007 6.67 683.0
2456009.78480 16.222 0.006 5.71 633.0
2456009.84233 16.249 0.006 4.89 649.0
2456009.88012 16.240 0.006 4.73 610.0
2456009.91799 16.248 0.007 4.25 1401.0
2456010.76326 16.267 0.008 6.88 755.0
2456010.81234 16.238 0.006 5.40 607.0
2456010.86231 16.251 0.006 4.52 585.0
2456010.89990 16.259 0.006 4.71 564.0
2456011.74675 16.294 0.009 7.03 692.0
2456011.79246 16.302 0.008 5.75 598.0
2456011.86784 16.285 0.008 5.45 975.0
2456011.90612 16.292 0.007 4.57 988.0
2456012.75098 16.306 0.008 6.81 580.0
2456012.79430 16.319 0.007 6.22 549.0
2456012.84366 16.334 0.007 5.20 527.0
2456012.89073 16.320 0.006 4.36 502.0
2456013.74779 16.323 0.008 7.21 582.0
2456013.74997 16.305 0.008 7.40 583.0
2456013.78774 16.328 0.007 5.77 534.0
2456013.82882 16.343 0.007 5.39 531.0
2456013.88988 16.354 0.007 4.92 517.0
2456014.72512 16.360 0.009 7.28 635.0
2456014.76470 16.378 0.007 5.34 580.0
2456014.80293 16.356 0.007 5.35 547.0
2456014.86309 16.356 0.007 5.05 515.0
2456014.90222 16.370 0.007 5.16 529.0
2456015.74173 16.383 0.007 5.99 606.0
2456015.78116 16.398 0.007 5.53 543.0
2456015.81988 16.381 0.006 4.65 522.0
2456015.86903 16.419 0.006 4.11 524.0
2456015.91099 16.395 0.006 4.24 570.0
2456016.75306 16.443 0.007 5.18 588.0
2456016.79286 16.409 0.007 4.59 571.0
2456016.83297 16.423 0.007 4.32 559.0
2456016.89631 16.409 0.006 4.08 551.0
2456017.72819 16.440 0.008 6.23 616.0
2456017.76651 16.413 0.004 4.95 363.0
2456017.80466 16.450 0.006 4.18 518.0
2456017.84410 16.435 0.005 4.06 464.0
2456017.90177 16.439 0.006 3.94 479.0
2456018.79345 16.455 0.008 5.38 532.0
2456018.83329 16.472 0.007 4.71 542.0
2456018.87509 16.459 0.006 3.89 519.0
2456019.73009 16.499 0.009 6.43 683.0
2456019.76862 16.485 0.008 5.32 588.0
2456019.82724 16.548 0.011 6.62 589.0
2456019.86514 16.490 0.007 4.27 546.0
2456019.90363 16.509 0.006 4.12 524.0
2456020.71376 16.504 0.010 6.55 698.0
2456020.75257 16.503 0.008 5.48 627.0
2456020.80862 16.515 0.007 4.55 552.0
2456020.84686 16.503 0.006 4.07 512.0
2456020.88607 16.528 0.007 4.61 542.0
2456020.92697 16.525 0.011 4.74 1939.0
2456021.73521 16.534 0.009 5.82 740.0
2456021.77426 16.542 0.008 5.35 667.0
2456021.81237 16.541 0.008 5.06 619.0
2456021.85170 16.551 0.007 4.53 592.0
2456021.90979 16.540 0.007 4.38 605.0
2456022.72284 16.551 0.010 6.37 831.0
2456022.76097 16.580 0.008 5.03 725.0
2456022.79928 16.556 0.008 4.57 687.0
2456022.85665 16.560 0.008 5.06 672.0
2456022.89656 16.561 0.007 4.38 595.0
2456023.71586 16.596 0.011 6.43 918.0
2456023.75598 16.571 0.008 4.96 845.0
2456023.79648 16.557 0.008 4.58 767.0
2456023.83757 16.587 0.008 4.47 771.0
2456023.89993 16.579 0.009 4.27 1041.0
2456024.71051 16.581 0.012 6.85 1076.0
2456024.75080 16.633 0.011 6.07 873.0
2456024.78985 16.600 0.011 6.38 847.0
2456024.85230 16.614 0.008 4.04 786.0
2456024.90213 16.615 0.009 4.51 887.0
2456025.69862 16.580 0.013 7.31 1100.0
2456025.74023 16.579 0.012 6.56 923.0
2456025.77820 16.603 0.010 5.63 856.0
2456025.82026 16.627 0.011 5.67 803.0
2456025.88224 16.602 0.010 5.26 793.0
2456026.71358 16.655 0.017 8.20 1280.0
2456031.77899 16.706 0.011 6.77 637.0
2456031.81839 16.716 0.010 5.62 649.0
2456031.85963 16.750 0.010 5.41 682.0
2456031.91085 16.758 0.015 7.83 739.0
2456032.69504 16.703 0.012 7.22 743.0
2456032.73535 16.734 0.010 5.66 636.0
2456032.78336 16.732 0.009 5.22 614.0
2456032.83160 16.767 0.010 5.30 589.0
2456032.87482 16.724 0.008 4.52 578.0
2456032.91564 16.729 0.009 4.57 597.0
2456033.70795 16.745 0.012 7.29 639.0
2456033.75636 16.753 0.012 6.79 636.0
2456033.81287 16.746 0.010 5.46 605.0
2456033.86699 16.748 0.009 4.96 604.0
2456033.90886 16.736 0.011 6.06 652.0
2456034.70433 16.727 0.010 5.98 599.0
2456034.75275 16.764 0.010 5.71 585.0
2456034.79663 16.765 0.008 4.19 549.0
2456034.85934 16.769 0.010 5.21 598.0
2456034.89729 16.744 0.009 4.61 628.0
2456035.83851 16.760 0.010 5.22 623.0
2456035.89607 16.774 0.010 5.69 637.0
2456036.69985 16.786 0.011 6.54 578.0
2456036.74219 16.755 0.010 5.56 598.0
2456036.79410 16.773 0.008 4.56 562.0
2456036.81917 16.753 0.008 4.05 547.0
2456036.86386 16.780 0.008 3.89 597.0
2456036.91903 16.785 0.009 4.70 642.0
2456037.72675 16.793 0.012 6.81 631.0
2456037.76810 16.791 0.012 6.37 618.0
2456037.82171 16.791 0.010 4.74 633.0
2456037.88244 16.785 0.010 4.74 707.0
2456037.92202 16.748 0.012 6.10 841.0
2456038.73700 16.789 0.012 6.63 594.0
2456038.77720 16.800 0.011 6.28 574.0
2456038.82151 16.783 0.010 5.22 611.0
2456038.84429 16.783 0.009 4.85 609.0
2456038.86329 16.814 0.010 4.99 613.0
2456038.87117 16.835 0.010 5.01 614.0
2456038.88764 16.788 0.010 5.41 628.0
2456038.90683 16.819 0.011 6.02 634.0
2456038.93113 16.789 0.014 5.86 1192.0
2456039.75798 16.835 0.014 7.28 638.0
2456039.80463 16.787 0.012 6.37 640.0
2456039.86624 16.785 0.011 6.07 645.0
2456039.90939 16.802 0.011 5.54 661.0
2456040.73712 16.845 0.014 7.43 610.0
2456040.77806 16.828 0.012 6.46 611.0
2456040.81819 16.797 0.011 5.55 635.0
2456040.88287 16.863 0.011 5.34 657.0
2456040.92135 16.815 0.010 5.17 658.0
2456041.72484 16.815 0.014 7.89 641.0
2456041.77008 16.819 0.011 6.17 632.0
2456041.82186 16.830 0.011 5.53 633.0
2456041.87463 16.823 0.010 4.93 655.0
2456041.91483 16.865 0.010 4.88 667.0
2456045.90891 16.847 0.010 5.07 689.0
2456046.87926 16.876 0.010 4.75 628.0
2456046.91993 16.861 0.010 5.10 648.0
2456047.69443 16.864 0.012 6.42 640.0
2456047.73207 16.870 0.010 5.74 574.0
2456047.77241 16.855 0.009 4.83 591.0
2456047.82272 16.865 0.009 4.51 611.0
2456047.88552 16.878 0.011 5.26 707.0
2456047.92615 16.875 0.010 5.44 762.0
2456048.71068 16.862 0.011 4.78 688.0
2456048.76282 16.842 0.010 4.73 589.0
2456048.81199 16.857 0.011 6.29 561.0
2456048.85515 16.884 0.010 5.53 534.0
2456048.90115 16.866 0.010 5.55 583.0
2456049.67944 16.892 0.012 6.08 714.0
2456049.73237 16.889 0.010 5.05 624.0
2456049.78288 16.860 0.009 4.32 581.0
2456049.83115 16.872 0.008 3.83 578.0
2456049.87392 16.874 0.009 4.56 632.0
2456049.91300 16.867 0.009 4.83 642.0
2456050.66929 16.870 0.014 7.26 749.0
2456050.70759 16.930 0.013 6.07 699.0
2456050.76791 16.895 0.011 4.95 694.0
2456050.81769 16.879 0.010 4.62 695.0
2456050.85728 16.866 0.010 4.96 674.0
2456050.89621 16.890 0.010 4.68 697.0
2456050.93488 16.909 0.016 5.52 1580.0
2456051.72778 16.861 0.011 5.33 745.0
2456052.65385 16.909 0.016 6.49 1115.0
2456052.69203 16.912 0.013 5.74 934.0
2456052.74963 16.916 0.012 5.56 813.0
2456052.78845 16.891 0.010 4.58 801.0
2456052.82900 16.889 0.011 4.93 844.0
2456052.86827 16.880 0.010 4.21 871.0
2456052.90714 16.907 0.011 4.82 887.0
2456053.64944 16.950 0.018 6.55 1507.0
2456053.68554 16.886 0.014 5.48 1247.0
2456053.72346 16.920 0.012 4.75 1133.0
2456053.78032 16.899 0.010 4.18 1008.0
2456053.83321 16.875 0.010 3.89 1060.0
2456053.87593 16.943 0.013 4.54 1544.0
2456053.91575 16.866 0.017 4.84 2874.0
2456054.87758 16.904 0.011 4.61 1316.0
2456054.90900 16.891 0.015 4.47 2891.0
2456057.73767 16.936 0.023 6.25 2613.0
2456057.77095 16.916 0.018 5.54 2351.0
2456057.80863 16.902 0.015 4.62 2131.0
2456057.83599 16.922 0.014 4.98 1656.0
2456057.86889 16.942 0.013 4.64 1478.0
2456057.90032 16.914 0.016 5.36 1964.0
2456057.91532 16.940 0.016 4.91 1950.0
2456057.93359 16.910 0.015 4.65 2125.0
2456058.69148 16.923 0.014 7.38 666.0
2456058.73176 16.920 0.017 7.69 692.0
2456058.76944 16.904 0.010 5.25 640.0
2456058.81897 16.931 0.014 6.37 663.0
2456058.86220 16.932 0.013 5.78 698.0
2456058.90187 16.916 0.011 5.23 717.0
2456059.66787 16.932 0.013 6.90 624.0
2456059.70838 16.916 0.013 6.72 625.0
2456059.74636 16.932 0.014 6.69 634.0
2456059.78522 16.915 0.010 4.89 609.0
2456059.84524 16.931 0.010 4.57 626.0
2456059.88426 16.937 0.012 5.71 673.0
2456059.92314 16.897 0.011 5.22 668.0
2456060.79247 16.906 0.011 5.63 599.0
2456061.68496 16.974 0.015 7.56 665.0
2456061.72331 16.946 0.012 5.90 680.0
2456061.78288 16.956 0.010 4.57 649.0
2456061.82466 16.934 0.010 4.77 653.0
2456061.86277 16.926 0.011 5.23 717.0
2456061.90106 16.922 0.012 6.15 765.0
2456061.93984 16.938 0.015 5.80 1455.0
2456062.68267 16.904 0.013 7.29 706.0
2456062.72191 16.944 0.015 6.79 732.0
2456062.76077 16.922 0.012 5.61 746.0
2456062.82215 16.901 0.011 5.25 739.0
2456062.86170 16.951 0.013 5.95 753.0
2456062.89971 16.952 0.012 5.49 829.0
2456062.93758 16.974 0.015 5.59 1299.0
2456063.79133 16.993 0.019 8.42 626.0
2456063.83054 16.951 0.017 7.71 643.0
2456063.87928 16.917 0.013 6.44 658.0
2456063.92690 16.964 0.014 6.02 818.0
2456064.71484 16.942 0.010 4.96 596.0
2456064.75335 16.956 0.008 3.77 599.0
2456064.81776 16.921 0.009 3.97 643.0
2456064.85745 16.942 0.010 4.60 686.0
2456064.89917 16.911 0.010 4.97 720.0
2456064.93765 16.946 0.012 4.96 1059.0
2456065.64807 16.930 0.012 5.37 637.0
2456065.68656 16.948 0.010 4.47 551.0
2456065.73449 16.938 0.010 4.50 555.0
2456065.78638 16.918 0.010 4.47 663.0
2456065.82702 16.966 0.011 4.53 693.0
2456066.61083 16.938 0.013 6.12 728.0
2456066.65039 16.950 0.012 5.45 677.0
2456066.68847 16.933 0.010 4.41 623.0
2456066.72655 16.977 0.012 5.03 679.0
2456066.79154 16.968 0.010 4.52 650.0
2456066.83121 16.907 0.009 4.40 629.0
2456066.87357 16.945 0.010 4.21 683.0
2456066.91186 16.917 0.010 4.73 695.0
2456067.59552 16.908 0.013 6.48 682.0
2456067.63470 16.949 0.011 5.14 605.0
2456067.67549 16.923 0.011 5.43 592.0
2456067.71384 16.954 0.010 4.43 599.0
2456067.76281 16.940 0.009 3.84 590.0
2456067.81427 16.941 0.010 4.62 589.0
2456067.85354 16.938 0.009 4.06 637.0
2456067.89139 16.926 0.012 5.15 733.0
2456067.92923 16.938 0.011 4.72 763.0
2456068.63092 16.947 0.011 5.64 639.0
2456068.68154 16.945 0.011 5.07 612.0
2456068.72844 16.929 0.010 4.65 550.0
2456068.79649 16.956 0.010 4.55 568.0
2456068.85485 16.961 0.010 3.92 633.0
2456068.89957 16.963 0.010 3.81 722.0
2456069.61904 16.965 0.012 5.59 593.0
2456069.67761 16.934 0.010 5.20 567.0
2456069.71933 16.969 0.011 5.38 573.0
2456069.77089 16.952 0.010 4.35 558.0
2456069.82602 16.954 0.010 4.71 549.0
2456069.86854 16.959 0.010 4.20 564.0
2456069.90673 16.968 0.010 4.00 601.0
2456070.58847 16.949 0.015 6.68 684.0
2456070.62702 16.928 0.016 7.55 694.0
2456070.66515 16.970 0.013 6.19 625.0
2456070.70499 16.987 0.011 4.85 571.0
2456070.74295 16.953 0.010 4.73 546.0
2456070.80350 16.966 0.011 5.22 602.0
2456070.84172 16.961 0.012 5.51 618.0
2456070.88197 16.972 0.010 4.87 603.0
2456070.92139 16.954 0.014 6.34 645.0
2456071.58720 16.961 0.015 7.11 662.0
2456071.62706 16.942 0.011 5.66 571.0
2456071.66796 16.958 0.011 5.26 555.0
2456071.70569 16.935 0.010 4.84 525.0
2456071.75352 16.941 0.011 5.29 561.0
2456071.80808 16.974 0.011 5.39 600.0
2456071.84759 17.001 0.012 5.61 608.0
2456071.88576 16.969 0.011 5.98 623.0
2456071.92355 16.913 0.018 8.35 683.0
2456075.62076 16.968 0.010 3.92 568.0
2456075.65919 16.916 0.011 5.17 541.0
2456075.70061 16.982 0.012 5.35 551.0
2456075.75382 16.966 0.009 4.12 528.0
2456075.80315 16.975 0.010 4.63 538.0
2456075.84235 16.990 0.010 4.72 568.0
2456076.57402 16.986 0.013 5.66 755.0
2456076.61218 16.976 0.012 5.62 670.0
2456076.65384 16.941 0.011 5.33 622.0
2456076.70048 16.955 0.010 4.33 587.0
2456076.75756 16.956 0.010 4.81 571.0
2456076.79706 16.945 0.010 5.00 587.0
2456076.83542 16.950 0.013 6.50 627.0
2456076.88479 16.974 0.013 7.20 637.0
2456076.93036 16.990 0.015 7.10 719.0
2456077.71124 16.949 0.011 5.27 608.0
2456077.77380 16.965 0.011 5.69 541.0
2456077.83142 16.936 0.011 5.15 573.0
2456077.87163 16.930 0.012 6.52 609.0
2456077.91304 16.994 0.012 5.49 682.0
2456078.59573 16.974 0.012 4.89 776.0
2456078.63333 16.991 0.013 5.68 723.0
2456078.67185 16.980 0.011 4.58 696.0
2456078.72156 16.942 0.010 4.56 650.0
2456078.77432 16.962 0.010 4.06 719.0
2456078.81430 16.961 0.010 4.37 600.0
2456078.85760 16.980 0.011 4.56 663.0
2456078.89649 16.980 0.011 4.72 732.0
2456079.56099 16.980 0.014 5.70 834.0
2456079.60025 16.996 0.012 4.70 730.0
2456079.63798 16.968 0.011 4.83 623.0
2456079.67893 16.986 0.011 5.00 616.0
2456079.73869 16.977 0.011 4.97 671.0
2456079.79019 16.946 0.011 5.08 703.0
2456079.84137 16.992 0.012 6.04 668.0
2456079.87941 16.986 0.010 4.20 647.0
2456079.91920 17.000 0.012 5.47 716.0
2456080.57045 17.006 0.015 6.05 916.0
2456080.60841 16.995 0.014 5.31 867.0
2456080.64669 16.963 0.012 4.70 841.0
2456080.69336 16.967 0.010 4.31 712.0
2456080.73511 17.007 0.012 4.92 711.0
2456080.77584 16.997 0.013 5.58 749.0
2456080.82406 16.974 0.012 5.28 691.0
2456080.87179 17.022 0.014 6.04 720.0
2456080.91651 16.946 0.010 4.88 608.0
2456081.56607 16.954 0.018 6.82 1237.0
2456081.60402 16.986 0.014 5.26 1072.0
2456081.64343 16.972 0.015 5.84 959.0
2456081.68286 16.996 0.012 4.62 859.0
2456081.72837 17.004 0.013 5.28 851.0
2456081.77738 16.980 0.012 5.16 839.0
2456081.82578 16.962 0.012 4.87 879.0
2456081.86596 16.985 0.013 5.20 942.0
2456081.91408 16.997 0.017 6.73 1051.0
2456082.59610 16.978 0.019 7.28 1217.0
2456082.63483 16.967 0.019 6.80 1320.0
2456082.67447 17.004 0.020 6.68 1354.0
2456082.72461 17.015 0.018 6.21 1325.0
2456082.80194 16.974 0.018 5.93 1425.0
2456082.84000 17.034 0.018 5.60 1421.0
2456082.87699 16.953 0.020 6.35 1588.0
2456085.56050 16.997 0.016 6.44 1091.0
2456085.59952 16.995 0.016 6.39 964.0
2456085.64914 16.965 0.011 4.74 829.0
2456085.68396 16.932 0.011 4.74 868.0
2456085.73354 17.009 0.013 5.05 832.0
2456085.77297 16.976 0.014 5.76 832.0
2456085.81137 16.996 0.014 6.08 824.0
2456085.85015 16.984 0.016 6.69 888.0
2456085.88975 16.976 0.019 7.73 971.0
2456085.93072 17.012 0.021 7.77 1137.0
2456086.58483 17.035 0.014 5.97 697.0
2456086.62316 17.000 0.012 5.35 702.0
2456086.66613 16.978 0.010 4.14 673.0
2456086.71502 16.993 0.010 4.10 653.0
2456086.76854 16.993 0.011 5.16 689.0
2456086.80844 16.977 0.012 5.80 687.0
2456086.85697 16.958 0.014 6.41 783.0
2456086.89838 16.979 0.017 7.09 865.0
2456087.54676 16.978 0.014 7.62 568.0
2456087.60211 17.048 0.012 6.46 508.0
2456087.74567 17.020 0.013 5.73 673.0
2456087.80687 16.979 0.012 5.86 842.0
2456087.84656 17.029 0.015 6.33 798.0
2456088.57435 16.967 0.011 5.42 529.0
2456088.61204 16.979 0.010 4.81 526.0
2456088.65049 16.993 0.011 4.79 551.0
2456088.68861 16.967 0.010 4.35 563.0
2456089.65481 17.010 0.010 4.75 606.0
2456089.69308 16.963 0.010 5.02 560.0
2456089.76422 16.994 0.010 4.89 659.0
2456089.80469 16.981 0.011 5.70 682.0
2456089.87107 16.985 0.012 5.62 675.0
2456092.57268 16.974 0.013 5.83 652.0
2456092.61074 16.982 0.011 5.24 567.0
2456092.65087 16.960 0.012 6.30 554.0
2456092.76832 16.842 0.009 5.34 596.0
2456092.84401 16.980 0.011 5.82 637.0
2456092.89558 16.956 0.016 7.49 765.0
2456093.56313 17.023 0.012 5.53 621.0
2456093.60495 16.963 0.011 5.25 578.0
2456093.64282 17.019 0.013 5.98 566.0
2456093.69077 17.015 0.012 5.45 543.0
2456093.76569 16.995 0.012 5.67 574.0
2456093.80339 16.986 0.015 7.19 604.0
2456093.84320 16.975 0.016 7.45 612.0
2456094.55448 16.932 0.016 7.20 745.0
2456094.61659 17.021 0.014 6.41 678.0
2456094.65420 16.993 0.012 5.21 654.0
2456094.69197 16.985 0.012 5.67 658.0
2456094.75117 16.975 0.012 5.44 658.0
2456094.78878 16.998 0.013 6.40 651.0
2456094.82878 17.002 0.014 6.40 656.0
2456094.87510 16.977 0.016 6.94 751.0
2456096.57472 16.998 0.014 6.86 636.0
2456096.61604 16.970 0.012 6.18 580.0
2456096.66119 16.975 0.012 6.01 580.0
2456096.72298 16.966 0.013 6.47 581.0
2456096.73579 17.037 0.015 6.76 600.0
2456096.77507 17.016 0.013 6.06 624.0
2456096.81434 16.983 0.015 6.85 681.0
2456096.85520 16.979 0.016 6.82 738.0
2456096.89609 16.961 0.017 7.33 840.0
2456097.70983 17.037 0.014 6.06 608.0
2456097.76287 16.969 0.015 7.13 612.0
2456097.80069 16.985 0.012 5.16 640.0
2456097.83824 16.995 0.016 6.64 693.0
2456097.87867 17.003 0.016 6.56 792.0
2456098.54889 17.008 0.017 7.30 677.0
2456098.59768 16.988 0.015 6.89 647.0
2456098.63520 16.992 0.014 6.73 625.0
2456098.67363 17.018 0.013 5.83 607.0
2456098.73665 16.998 0.012 5.81 615.0
2456098.77484 16.987 0.012 5.88 611.0
2456098.81591 16.957 0.014 6.62 671.0
2456098.85398 17.004 0.014 6.22 724.0
2456098.89064 17.019 0.019 7.64 844.0
2456099.71225 17.031 0.016 7.07 671.0
2456099.77900 17.001 0.015 6.89 668.0
2456100.52687 16.977 0.015 6.19 807.0
2456100.58491 16.982 0.017 7.72 672.0
2456100.62240 17.014 0.012 4.92 629.0
2456100.66953 16.981 0.009 4.06 612.0
2456100.72090 16.971 0.013 5.93 615.0
2456100.75930 16.972 0.012 5.43 638.0
2456100.80701 16.992 0.016 7.19 732.0
2456100.84769 17.021 0.019 7.57 840.0
2456100.88784 16.975 0.015 6.74 794.0
2456101.52362 16.985 0.013 5.77 771.0
2456101.56160 16.985 0.013 5.63 726.0
2456101.59912 17.015 0.012 4.99 661.0
2456101.63745 16.993 0.011 4.60 623.0
2456101.67723 16.974 0.009 4.15 563.0
2456101.73913 17.004 0.011 4.94 595.0
2456101.77795 16.988 0.011 5.21 659.0
2456101.82121 17.011 0.013 5.98 804.0
2456101.86417 16.981 0.015 7.03 888.0
2456102.52595 17.004 0.017 5.98 1027.0
2456102.56336 17.030 0.014 5.70 743.0
2456102.62087 16.993 0.012 5.40 626.0
2456102.66025 17.004 0.011 4.78 612.0
2456102.70079 17.010 0.012 5.27 676.0
2456102.73895 17.013 0.010 4.11 647.0
2456102.77775 16.984 0.011 5.41 676.0
2456102.81828 17.001 0.013 5.78 717.0
2456102.85846 17.009 0.015 6.66 823.0
2456103.48721 16.953 0.016 5.85 1051.0
2456103.53018 16.999 0.012 4.63 779.0
2456103.57029 16.979 0.012 4.92 684.0
2456103.61041 17.019 0.011 4.23 648.0
2456103.66877 16.999 0.010 4.27 645.0
2456103.70913 17.030 0.012 4.55 628.0
2456103.74933 16.977 0.012 5.63 639.0
2456103.81543 16.966 0.013 8.24 616.0
2456104.48803 16.991 0.015 6.50 896.0
2456104.53083 16.966 0.011 4.90 743.0
2456104.56889 16.981 0.010 4.29 664.0
2456104.65323 16.977 0.010 4.56 576.0
2456104.69371 16.992 0.009 4.08 549.0
2456104.73395 16.998 0.009 4.63 571.0
2456104.77258 17.012 0.012 5.90 563.0
2456104.81390 17.008 0.012 6.34 578.0
2456104.86256 17.007 0.015 7.14 629.0
2456105.50824 17.036 0.016 6.82 713.0
2456105.54129 17.033 0.014 6.29 727.0
2456105.58159 16.990 0.014 6.28 640.0
2456105.65113 16.994 0.010 4.63 547.0
2456105.69326 16.982 0.013 5.57 589.0
2456105.73288 17.009 0.013 5.68 540.0
2456105.77256 17.036 0.018 7.98 606.0
2456106.63688 17.057 0.015 6.53 621.0
2456108.50351 16.956 0.015 6.04 1047.0
2456108.54090 16.974 0.014 6.10 956.0
2456108.57992 17.000 0.012 4.70 1007.0
2456108.63345 16.996 0.012 4.57 964.0
2456108.68670 17.026 0.011 4.74 712.0
2456108.72626 17.009 0.011 4.62 1003.0
2456108.76571 17.022 0.011 4.61 1058.0
2456108.80892 17.013 0.012 4.88 874.0
2456108.84646 17.028 0.013 5.67 676.0
2456109.55397 17.026 0.024 6.70 1886.0
2456109.61107 17.042 0.025 5.72 3041.0
2456109.69279 17.037 0.015 3.83 2029.0
2456109.72944 16.995 0.013 4.74 1002.0
2456109.76712 16.984 0.017 5.11 1944.0
2456109.81035 17.000 0.016 5.36 1348.0
2456109.85015 16.982 0.016 6.58 951.0
2456113.54802 17.008 0.017 6.70 973.0
2456113.59036 17.007 0.014 5.38 954.0
2456113.62822 17.004 0.013 5.21 954.0
2456113.67022 16.997 0.014 5.86 954.0
2456113.71012 16.991 0.012 4.57 990.0
2456113.74867 16.997 0.014 5.37 1045.0
2456113.78640 16.991 0.013 5.33 1029.0
2456113.82544 17.020 0.015 5.43 1157.0
2456114.56088 16.975 0.018 7.04 863.0
2456114.59852 17.014 0.015 5.95 803.0
2456114.63707 16.968 0.014 5.67 789.0
2456114.68492 17.014 0.015 5.70 789.0
2456114.73244 16.984 0.012 4.85 776.0
2456114.77013 17.041 0.013 5.44 830.0
2456114.80904 17.035 0.013 5.26 889.0
2456114.85048 17.002 0.017 6.44 1095.0
2456115.49651 16.984 0.014 6.64 661.0
2456115.53490 16.979 0.012 5.57 694.0
2456115.57256 16.997 0.012 5.41 726.0
2456115.63228 17.045 0.013 5.88 692.0
2456115.68508 17.020 0.014 6.57 645.0
2456115.75025 16.968 0.013 6.87 634.0
2456115.80225 17.015 0.016 7.74 684.0
2456116.49403 17.020 0.011 4.93 636.0
2456116.53548 17.007 0.010 4.64 578.0
2456116.57638 16.992 0.010 4.60 556.0
2456116.62364 17.007 0.010 4.69 582.0
2456116.67277 16.992 0.012 5.83 582.0
2456116.71437 17.021 0.012 5.89 608.0
2456116.75742 17.012 0.013 6.23 642.0
2456116.79852 17.010 0.013 5.72 653.0
2456116.83070 17.023 0.013 5.48 711.0
2456117.51570 16.999 0.012 5.15 735.0
2456117.55330 17.005 0.011 4.87 633.0
2456117.59173 17.012 0.010 4.18 594.0
2456117.65399 17.016 0.012 5.28 629.0
2456117.69359 17.040 0.012 5.20 648.0
2456117.73205 17.018 0.013 5.43 679.0
2456117.77126 17.031 0.013 5.12 695.0
2456117.80885 17.038 0.016 6.29 764.0
2456117.84065 17.045 0.014 5.48 819.0
2456118.50595 16.987 0.013 5.61 672.0
2456118.54499 17.010 0.010 4.53 589.0
2456118.58467 17.021 0.010 4.46 572.0
2456118.64072 16.976 0.010 4.55 558.0
2456118.69452 17.028 0.010 4.79 560.0
2456118.73356 17.042 0.011 4.93 564.0
2456118.77088 16.995 0.011 5.22 601.0
2456118.80839 17.021 0.013 5.58 663.0
2456119.49411 17.027 0.017 7.46 644.0
2456119.53550 16.982 0.015 7.16 582.0
2456119.57427 17.026 0.012 5.69 518.0
2456119.63039 16.995 0.011 5.29 508.0
2456119.67363 17.022 0.011 5.17 519.0
2456119.71164 17.005 0.014 6.60 570.0
2456119.73884 17.033 0.013 5.64 583.0
2456119.77848 16.992 0.014 6.37 632.0
2456119.81558 17.058 0.012 5.60 705.0
2456120.52224 16.994 0.015 6.31 668.0
2456120.56171 17.018 0.015 6.19 576.0
2456120.62763 17.018 0.012 5.73 509.0
2456120.67804 17.020 0.011 5.48 495.0
2456120.71713 17.008 0.015 7.43 539.0
2456120.75952 17.006 0.015 7.04 567.0
2456120.80421 17.011 0.015 7.21 593.0
2456121.47665 17.006 0.010 4.89 602.0
2456121.51401 16.992 0.010 4.44 550.0
2456121.55178 17.005 0.009 4.32 504.0
2456121.60432 17.010 0.009 4.06 474.0
2456121.65683 17.006 0.010 5.09 496.0
2456121.72093 17.006 0.010 5.24 503.0
2456121.75906 16.983 0.009 5.50 481.0
2456123.52662 16.979 0.013 5.95 657.0
2456123.56507 16.991 0.012 5.44 581.0
2456123.61236 17.014 0.012 5.62 562.0
2456123.66401 17.006 0.011 5.51 537.0
2456123.70291 16.997 0.014 6.96 547.0
2456123.74115 17.022 0.014 6.88 528.0
2456123.78168 17.035 0.012 5.85 546.0
2456123.81651 17.014 0.013 6.16 624.0
2456124.51123 17.033 0.015 6.29 642.0
2456124.55751 17.061 0.013 5.84 569.0
2456124.64087 17.016 0.013 6.00 526.0
2456124.68221 17.017 0.012 5.89 553.0
2456124.72152 17.008 0.011 5.60 573.0
2456124.76362 16.990 0.013 6.22 635.0
2456124.80258 16.984 0.012 6.12 656.0
2456125.51093 16.989 0.014 6.26 649.0
2456125.52385 16.998 0.013 5.63 618.0
2456125.57061 17.037 0.012 5.23 551.0
2456125.63986 17.005 0.013 6.34 563.0
2456125.68440 17.005 0.012 5.71 552.0
2456125.72605 16.995 0.012 5.77 558.0
2456125.77164 17.013 0.013 6.41 584.0
2456125.81308 17.008 0.014 6.83 620.0
2456126.50818 17.006 0.013 6.21 611.0
2456126.55691 16.996 0.012 5.15 548.0
2456126.60318 16.994 0.013 6.41 528.0
2456126.67537 16.973 0.012 5.44 553.0
2456126.71928 17.012 0.013 6.01 561.0
2456126.77023 17.000 0.014 7.19 601.0
2456127.50415 17.019 0.013 5.70 617.0
2456127.54620 16.997 0.016 7.43 601.0
2456127.63423 17.001 0.014 6.73 544.0
2456127.73694 17.005 0.015 7.57 524.0
2456128.51291 17.024 0.011 5.07 591.0
2456128.55561 17.006 0.010 4.44 553.0
2456128.59940 17.015 0.011 5.14 524.0
2456128.64538 16.996 0.010 4.71 556.0
2456128.70127 16.968 0.012 6.33 590.0
2456130.55043 17.002 0.013 5.35 604.0
2456130.74120 16.995 0.015 6.78 604.0
2456131.53226 17.055 0.013 5.57 532.0
2456131.58529 17.030 0.009 4.97 421.0
2456131.64710 17.013 0.011 5.88 442.0
2456131.69335 17.030 0.011 5.46 492.0
2456131.76665 17.059 0.012 5.28 580.0
2456132.53928 17.005 0.014 5.94 584.0
2456132.62225 17.062 0.016 6.93 560.0
2456132.67232 17.002 0.016 6.99 568.0
2456132.71699 17.027 0.013 5.48 559.0
2456132.79621 16.988 0.015 7.22 693.0
2456133.56463 16.998 0.013 5.86 551.0
2456133.61532 16.982 0.013 5.63 567.0
2456133.67649 17.022 0.012 5.49 557.0
2456133.72188 16.988 0.013 6.08 585.0
2456133.77095 16.992 0.015 7.03 653.0
2456134.53566 17.031 0.016 7.29 665.0
2456134.57600 17.063 0.017 6.98 663.0
2456134.62944 17.033 0.014 6.03 590.0
2456134.68699 16.999 0.016 7.51 596.0
2456135.51778 17.022 0.015 6.16 690.0
2456135.56187 17.013 0.013 5.74 651.0
2456135.63797 17.044 0.017 7.31 651.0
2456135.68909 16.991 0.013 6.42 608.0
2456135.74069 16.994 0.013 5.53 645.0
2456135.77972 16.996 0.014 6.32 628.0
2456136.48545 16.968 0.017 7.54 792.0
2456136.60941 17.014 0.020 7.86 728.0
2456136.66847 17.064 0.014 5.51 686.0
2456140.47909 16.999 0.018 6.65 1216.0
2456140.51859 17.009 0.021 5.88 2123.0
2456140.56671 16.967 0.016 5.46 1462.0
2456140.61969 16.982 0.016 6.22 1000.0
2456140.65890 17.013 0.016 6.02 1069.0
2456140.69831 16.966 0.018 6.87 1106.0
2456140.74010 16.996 0.023 8.01 1280.0
2456141.50615 17.036 0.015 5.48 986.0
2456141.54379 17.015 0.013 4.99 945.0
2456141.59441 17.039 0.019 7.32 900.0
2456141.64164 17.030 0.015 5.83 886.0
2456141.67932 17.048 0.013 4.98 921.0
2456141.72033 17.013 0.014 5.14 1001.0
2456141.76057 16.985 0.014 5.03 1129.0
2456142.48746 17.020 0.019 7.86 849.0
2456142.54979 16.986 0.020 7.88 859.0
2456143.53442 17.052 0.018 7.25 736.0
2456147.52774 17.040 0.013 6.02 537.0
2456147.57851 17.005 0.015 7.54 548.0
2456147.61979 16.980 0.016 8.13 540.0
2456147.67717 16.991 0.016 8.05 559.0
2456147.71511 17.011 0.017 8.30 590.0
2456148.50923 16.990 0.010 4.72 523.0
2456148.55855 17.052 0.011 4.93 508.0
2456148.61166 17.008 0.010 5.20 517.0
2456148.65115 17.013 0.012 5.88 547.0
2456148.69655 17.000 0.011 5.68 538.0
2456149.57931 17.027 0.012 5.26 544.0
2456149.61784 16.989 0.014 6.57 584.0
2456150.50138 17.077 0.020 8.45 628.0
2456150.54943 17.013 0.013 5.91 557.0
2456150.60089 17.012 0.015 6.74 576.0
2456150.65132 16.997 0.012 5.69 538.0
2456151.48529 16.997 0.017 7.38 653.0
2456151.55404 17.015 0.016 7.20 599.0
2456151.59516 17.014 0.014 6.65 582.0
2456151.63405 17.042 0.015 6.91 587.0
2456151.67494 17.049 0.016 7.45 565.0
2456151.71490 16.992 0.016 7.02 645.0
2456152.48456 17.016 0.014 6.22 577.0
2456152.52415 17.017 0.013 5.96 531.0
2456152.56465 17.074 0.015 7.06 544.0
2456152.62907 16.995 0.012 6.02 528.0
2456152.66847 17.013 0.011 5.82 497.0
2456153.72084 17.081 0.016 6.84 613.0
2456154.51275 17.021 0.013 5.62 610.0
2456154.55388 16.978 0.013 5.82 617.0
2456154.63330 17.032 0.014 6.26 582.0
2456154.70535 17.099 0.016 6.89 591.0
2456157.66180 17.016 0.015 6.72 620.0
2456157.70380 17.078 0.019 7.89 659.0
2456158.50191 17.001 0.010 4.61 593.0
2456158.55201 17.014 0.012 5.57 604.0
2456158.60366 16.999 0.012 5.90 617.0
2456158.64424 17.005 0.013 6.21 653.0
2456158.68401 16.992 0.012 5.69 675.0
2456158.72071 16.979 0.013 5.95 705.0
2456159.50818 17.017 0.016 6.79 716.0
2456159.56322 17.030 0.014 6.00 610.0
2456159.61550 17.001 0.013 6.04 605.0
2456159.68545 17.021 0.017 7.38 666.0
2456160.48976 17.045 0.013 5.28 583.0
2456160.54551 17.013 0.012 5.11 564.0
2456160.55947 17.034 0.012 5.41 551.0
2456160.60512 17.006 0.013 5.81 556.0
2456160.64668 17.012 0.011 5.27 556.0
2456160.68518 17.010 0.012 5.41 575.0
2456160.69792 17.017 0.012 4.83 606.0
2456161.48886 17.014 0.016 6.92 600.0
2456161.52915 17.047 0.017 7.33 573.0
2456161.56893 17.034 0.016 7.15 573.0
2456161.62882 17.023 0.013 5.70 552.0
2456161.69222 17.005 0.012 6.21 517.0
2456164.50663 16.983 0.015 5.94 958.0
2456164.57073 17.019 0.016 5.30 1609.0
2456164.60389 16.992 0.018 6.12 1540.0
2456164.68009 17.018 0.028 7.39 2440.0
2456166.57457 17.088 0.015 5.24 1245.0
2456166.63388 16.968 0.012 4.09 1179.0
2456167.51280 16.980 0.019 4.52 2492.0
2456167.55095 16.987 0.014 4.82 1138.0
2456167.60465 17.019 0.019 3.84 3236.0
2456167.65442 16.995 0.022 5.04 3463.0
2456168.49379 17.020 0.013 4.50 1163.0
2456168.56345 17.004 0.012 4.60 922.0
2456168.61614 17.007 0.012 4.04 1229.0
2456168.67226 17.028 0.012 4.69 888.0
2456169.49328 17.004 0.015 5.82 866.0
2456169.54338 16.985 0.014 5.86 811.0
2456169.59401 16.978 0.012 5.13 822.0
2456169.63415 17.010 0.014 5.02 923.0
2456169.67710 17.026 0.016 5.92 1019.0
2456171.49506 17.008 0.009 3.55 747.0
2456171.54908 17.024 0.012 4.88 823.0
2456171.59847 17.009 0.011 4.73 834.0
2456171.63837 16.976 0.021 6.61 1919.0
2456171.68664 17.052 0.015 5.73 888.0
2456172.50781 17.011 0.009 3.77 641.0
2456172.55782 16.999 0.011 4.98 693.0
2456172.60828 17.000 0.010 4.55 671.0
2456172.64669 17.019 0.011 5.00 718.0
2456174.57997 17.084 0.017 7.06 729.0
2456174.64639 17.023 0.017 7.05 781.0
2456175.51993 16.985 0.013 6.11 639.0
2456175.55804 16.981 0.014 6.34 662.0
2456175.59667 17.017 0.013 5.64 695.0
2456175.63797 17.019 0.014 5.38 749.0
2456175.67185 16.990 0.017 7.22 809.0
2456179.52504 17.051 0.015 6.35 662.0
2456179.57124 17.054 0.017 7.00 672.0
2456179.61464 17.007 0.016 6.94 662.0
2456179.65365 16.996 0.015 6.81 640.0
2456180.50559 17.017 0.014 5.75 669.0
2456180.55968 17.056 0.015 5.89 669.0
2456180.60045 16.995 0.016 6.74 722.0
2456180.63856 17.045 0.017 6.82 727.0
2456180.67028 16.788 0.020 9.91 802.0
2456181.52031 17.053 0.012 4.79 683.0
2456181.55833 17.004 0.011 4.31 699.0
2456181.60075 17.005 0.011 4.42 691.0
2456181.63901 17.013 0.014 5.87 687.0
2456182.52178 17.070 0.012 5.12 592.0
2456182.56632 17.046 0.012 5.24 584.0
2456182.61052 17.025 0.015 6.37 619.0
2456182.65276 17.023 0.016 7.47 685.0
2456183.50191 17.013 0.014 6.27 557.0
2456183.60473 17.040 0.012 5.06 574.0
2456184.48395 17.038 0.013 5.51 703.0
2456184.55653 17.003 0.011 4.78 548.0
2456184.60557 17.016 0.012 5.76 538.0
2456184.64621 17.036 0.016 7.73 566.0
2456185.50672 16.999 0.010 4.63 543.0
2456185.56545 17.026 0.011 4.82 550.0
2456185.60826 17.069 0.012 5.08 551.0
2456186.48089 17.055 0.016 5.96 792.0
2456186.53787 17.027 0.012 5.06 578.0
2456186.57657 16.975 0.014 6.12 581.0
2456187.53731 17.030 0.017 7.22 629.0
2456190.51656 17.035 0.013 5.86 653.0
2456190.57414 17.025 0.012 4.73 643.0
2456190.61404 17.024 0.014 6.01 665.0
2456191.51761 17.064 0.019 7.02 974.0
2456191.56950 17.034 0.015 5.32 785.0
2456191.61172 17.034 0.014 6.16 637.0
2456195.49362 17.011 0.012 5.60 724.0
2456195.54586 17.040 0.012 6.02 767.0
2456195.58400 16.990 0.013 5.76 832.0
2456195.62159 17.000 0.014 5.39 915.0
2456196.49437 17.012 0.014 5.37 850.0
2456196.54270 16.997 0.016 6.31 874.0
2456196.58165 17.024 0.013 4.86 870.0
2456196.62165 16.995 0.018 7.11 997.0
2456197.49621 17.041 0.017 6.85 784.0
2456197.54439 16.995 0.015 5.76 832.0
2456197.58443 17.022 0.015 5.73 907.0
2456198.55053 17.045 0.019 7.14 852.0
2456199.51468 16.950 0.019 8.61 782.0
2456200.58592 17.095 0.018 6.31 912.0
2456201.52575 17.007 0.021 8.39 778.0
2456202.56318 16.981 0.019 7.07 949.0
2456203.50204 17.008 0.017 7.56 722.0
2456203.55413 17.056 0.017 6.83 805.0
2456203.59279 17.030 0.020 7.88 928.0
2456204.50088 17.018 0.013 5.80 696.0
2456204.51497 17.033 0.013 5.19 697.0
2456204.54614 17.030 0.013 5.13 698.0
2456204.58425 16.990 0.017 6.81 819.0
2456205.48733 17.026 0.015 6.74 769.0
2456205.53043 17.008 0.011 5.30 610.0
2456205.56848 16.993 0.013 5.43 599.0
2456205.60474 17.007 0.013 5.91 629.0
2456209.54934 17.073 0.020 8.27 718.0
2456210.50140 17.039 0.015 7.66 655.0
2456210.53977 17.032 0.014 6.98 656.0
2456210.57862 16.981 0.014 7.11 704.0
2456211.50317 17.044 0.013 6.12 662.0
2456211.54552 17.011 0.013 5.74 631.0
2456211.58399 16.997 0.014 5.99 671.0
2456212.50262 17.023 0.014 5.77 724.0
2456212.54102 17.028 0.013 5.22 719.0
2456212.57809 17.035 0.013 5.11 781.0
2456213.51767 17.087 0.015 6.09 671.0
2456213.55548 17.021 0.016 6.85 711.0
2456214.50952 17.015 0.014 6.15 648.0
2456214.55088 16.999 0.017 7.29 675.0
2456216.51328 17.011 0.014 6.29 683.0
2456216.55226 17.076 0.015 6.18 700.0
2456216.57500 17.026 0.015 6.08 727.0
2456217.50806 16.997 0.011 4.88 633.0
2456217.54594 17.026 0.012 4.69 631.0
2456217.58282 17.038 0.014 5.62 724.0
2456218.52097 16.994 0.014 5.72 748.0
2456218.55951 17.065 0.016 6.26 779.0
2456219.50151 17.025 0.014 5.76 725.0
2456219.53963 17.005 0.014 5.63 687.0
2456221.51427 16.985 0.023 5.87 2443.0
2456223.54546 17.000 0.017 6.67 954.0
2456226.52837 17.010 0.017 6.38 986.0
2456231.50129 16.962 0.019 6.24 1429.0
2456232.50243 17.024 0.019 6.40 1242.0
2456233.53144 17.007 0.018 6.98 871.0
2456234.52549 17.074 0.019 7.29 853.0
2456238.52114 17.030 0.018 5.68 971.0
2456239.52285 17.063 0.020 7.70 856.0
